1376432193404	1439	765760	4582032	45.34
1376432194411	3181	1136896	5084752	75.78
1376432195412	4835	1401088	5390304	94.52
1376432196413	6370	1655296	5780112	116.53
1376432197414	7984	1896192	6092944	128.78
1376432198415	9556	2145472	6441040	141.62
1376432199417	10751	2349952	6708768	144.57
1376432200419	12955	2648192	7039968	154.23
1376432201420	14653	2884672	7343280	156.98
1376432202422	16230	3128256	7724128	169.88
1376432203423	17866	3395200	8055104	175.61
1376432204424	19446	3667264	8445936	187.17
1376432205425	21101	3957312	8810992	192.64
1376432206425	22743	4257152	9191248	199.61
1376432207429	24233	4466944	4593232	197.04
1376432208430	25789	4691456	4936464	197.82
1376432209430	27315	4892800	5238144	194.16
1376432210432	28961	1899200	5627920	198.90
1376432211433	30437	2104448	5946144	196.26
1376432212434	31978	2368448	6306256	199.72
1376432213435	33502	2564736	6621744	198.13
1376432214437	34990	2809280	6991216	201.61
1376432215438	36535	3006912	7285920	197.44
1376432216439	38045	3274496	7670864	204.35
1376432217440	39527	3529728	8048240	208.47
1376432218442	41050	3779712	8398144	209.49
1376432219443	42651	4035072	8741040	209.17
1376432220444	44286	4272064	9047856	204.86
1376432221445	45871	4496448	9366816	202.61
1376432222447	47369	1434432	4783872	201.21
1376432223448	48856	1682304	5143200	204.71
1376432224450	50394	1948544	5529984	210.07
1376432225450	51996	2157696	5827264	206.20
1376432226452	53521	2382592	6166720	205.93
1376432227453	55116	2601152	6499648	204.83
1376432228454	56681	2844800	6848896	206.97
1376432229458	58274	3036864	7136128	201.26
1376432230460	59902	3258880	7467424	201.26
1376432231461	61401	3474880	7797520	201.15
1376432232462	62902	3740864	8192032	208.52
1376432233463	64370	3977216	8536544	209.17
1376432234464	65916	4225856	8908640	211.91
1376432235465	67539	4435264	9223616	208.14
1376432236467	68992	1361728	4623056	203.79
1376432237468	70598	1520768	4862960	192.93
1376432238469	72106	1745664	5202416	194.73
1376432239470	73663	1939136	5479856	191.19
1376432240472	75207	2169152	5837264	194.84
1376432241473	76720	2404736	6162032	196.00
1376432242474	78326	2668864	6517776	199.45
1376432243475	79925	2904064	6826512	198.03
1376432244476	81498	3099008	7112112	193.44
1376432245478	83079	3274752	7378128	188.02
1376432246479	84125	3423040	7585392	177.60
1376432247480	85058	3566976	7774704	166.34
1376432248482	85937	3699072	7986576	158.98
1376432249483	86872	3845312	8197376	153.80
1376432250484	87773	4018816	8448464	153.69
1376432251485	94469	4264512	8687264	152.93
1376432252486	96027	4544576	9098528	171.48
1376432253486	97542	4782784	4546880	179.26
1376432254488	99079	1762496	4918976	188.93
1376432255489	100605	1962432	5214640	187.40
1376432256490	102081	2182656	5541040	189.93
1376432257491	103670	2393216	5859280	190.42
1376432258493	105263	2622400	6192208	193.21
1376432259494	106954	2807872	6463120	188.25
1376432260495	108489	3031040	6791152	191.30
1376432261497	110046	3203392	7049008	185.48
1376432262498	111579	3367168	7288912	178.94
1376432263499	113196	3589760	7630000	183.90
1376432264500	114674	3795520	7935184	184.70
1376432265500	116338	3993152	8232208	184.76
1376432266502	117836	4223616	8583088	189.97
1376432267503	119423	4410304	8852720	186.12
1376432268505	120905	4627712	9183904	188.69
1376432269506	122489	4852800	4601248	191.18
1376432270507	124017	5104704	4983136	198.81
1376432271509	125515	5336192	5335648	201.91
1376432272510	127087	5613248	5745280	211.42
1376432273511	128608	2573312	6089632	212.28
1376432274513	130164	2783424	6420640	210.41
1376432275514	131783	2928320	6623296	195.79
1376432276517	133316	3091008	6866464	187.98
1376432277521	134848	3305664	7189600	189.51
1376432278521	136406	3527296	7506208	191.63
1376432279523	137987	3711680	7793440	188.30
1376432280523	139565	3901440	8069248	185.27
1376432281524	141136	4087872	8345056	182.82
1376432282525	142679	4340160	8717152	191.80
1376432283527	144147	4563968	9050080	194.64
1376432284528	145596	4797696	4503696	199.04
1376432285529	147118	4999552	4810144	196.99
1376432286530	148660	5208256	5112064	195.89
1376432287531	150191	5404416	5412352	193.32
1376432288533	151687	5658304	5797504	201.05
1376432289535	153165	2593856	6104320	199.84
1376432290536	154674	2811008	6435616	200.19
1376432291538	156296	3006336	6722848	195.98
1376432292539	157804	3267648	7114528	205.10
1376432293540	159235	3475904	7429504	203.31
1376432294542	160861	3707200	7778752	205.52
1376432295544	162466	3909120	8079040	202.19
1376432296547	163967	4136128	8419600	203.77
1376432297548	165468	4309696	8658400	193.55
1376432298550	166973	4490688	8929616	189.25
1376432299551	168586	4725376	9293552	196.56
1376432300553	169974	4973376	4746800	201.06
1376432301554	171494	5196160	5099632	204.08
1376432302555	173054	5433984	5460016	207.75
1376432303556	174544	5658688	5795696	208.18
1376432304557	176165	2575040	6079664	202.79
1376432305559	177761	2774272	6371792	199.62
1376432306559	179237	3018112	6743600	204.88
1376432307561	180739	3261952	7109456	209.34
1376432308564	182285	3484864	7439120	208.24
1376432309565	183889	3615616	7636592	193.11
1376432310567	185420	3817024	7927088	191.52
1376432311567	186920	4063104	8305712	199.17
1376432312569	188410	4327488	8703392	207.88
1376432313570	189925	4566720	9047984	210.81
1376432314626	191430	4807936	4502272	213.93
1376432315628	192964	1762880	4872272	216.83
1376432316629	194556	2031104	5270480	223.41
1376432317630	196026	2257664	5611568	222.37
1376432318632	197474	2520256	6001616	226.84
1376432319633	198985	2774784	6381872	229.42
1376432320639	200521	3008320	6732224	227.77
1376432321640	202084	3215488	7018352	220.05
1376432322642	203634	3427648	7349648	218.53
1376432323644	205252	3661184	7690736	218.36
1376432324645	206719	3909824	8070992	221.74
1376432325646	208247	4131520	8392496	219.13
1376432326648	209701	4350400	8712368	216.60
1376432327651	211376	4539072	9004496	210.56
1376432328652	212852	4763584	9348848	211.56
1376432329654	214229	4928128	4696016	201.67
1376432330654	215757	5143808	5017520	202.14
1376432331655	217390	5354304	5332496	201.98
1376432332657	218984	5498048	5547920	189.63
1376432333658	220493	2321792	5689904	172.77
1376432334660	222065	2441920	5878928	162.60
1376432335661	223681	2580416	6086480	157.04
1376432336663	225242	2752448	6342704	158.36
1376432337665	226815	2865408	6504256	149.09
1376432338666	228313	3038976	6771920	152.42
1376432339668	229866	3217088	7028144	154.70
1376432340669	231417	3426560	7351520	163.29
1376432341670	232943	3661824	7699136	174.28
1376432342671	234432	3921792	8083712	187.18
1376432343673	235943	4171392	8461280	196.82
1376432344676	237524	4427200	8847248	205.03
1376432345677	239135	4674176	9202208	210.31
1376432346678	240587	4902080	4658368	211.65
1376432347679	242102	5096192	4947584	206.80
1376432348682	243651	5306880	5257664	205.74
1376432349683	245215	2343552	5556320	203.99
1376432350684	246827	2475136	5923456	208.48
1376432351686	248399	2664576	6208544	203.71
1376432352687	249907	2869120	6515648	202.32
1376432353688	251442	3097408	6852128	205.25
1376432354690	252947	3356544	7242176	212.63
1376432355691	254486	3551040	7532672	207.50
1376432356693	256030	3759552	7842752	206.09
1376432357694	257595	3931904	8094080	198.25
1376432358695	259119	4131712	8399264	197.44
1376432359697	260682	4321856	8683232	194.48
1376432360698	262204	4516032	8962304	192.61
1376432361699	263705	4736192	9300128	196.20
1376432362700	265138	1641728	4673408	192.51
1376432363701	266723	1812608	4928000	187.29
1376432364703	268301	1978112	5184800	182.71
1376432365704	269818	2182784	5486144	185.09
1376432366706	271342	2392896	5802224	187.90
1376432367707	272920	2587008	6094304	188.30
1376432368708	274422	2838656	6462080	197.76
1376432369710	276035	3042944	6773792	197.17
1376432370711	277483	3235328	7064288	195.33
1376432371712	279082	3393408	7297664	187.40
1376432372714	280600	3556224	7537568	181.41
1376432373715	282190	3731904	7799552	179.42
1376432374721	283756	3923968	8090000	180.49
1376432375722	285220	4129920	8398736	184.21
1376432376730	286801	4351360	8728928	189.15
1376432377732	288313	4535808	9008000	187.32
1376432378734	289880	4742784	9318080	189.65
1376432379735	291311	1649984	4684832	188.53
1376432380736	292785	1912832	5084672	200.29
1376432381737	294424	2166464	5453504	208.10
1376432382738	295982	2415424	5834048	214.25
1376432383740	297508	2651776	6183008	216.64
1376432384742	299059	2897152	6554816	220.88
1376432385745	300580	3161536	6951680	227.29
1376432386747	302122	3402752	7310720	227.98
1376432387748	303604	3643264	7668128	228.70
1376432388749	305122	3898688	8049856	232.27
1376432389751	306622	4144512	8422112	233.59
1376432390752	308121	4372864	8756672	230.67
1376432391753	309667	4623424	9127136	232.77
1376432392755	311236	4854336	4578176	230.89
1376432393757	312713	5061760	4892528	225.46
1376432394767	314296	5264512	5190752	219.58
1376432395768	315836	5459648	5489408	214.29
1376432396769	317344	2392896	5806016	212.69
1376432397770	318896	2575808	6083456	206.45
1376432398772	320425	2777664	6387008	204.81
1376432399773	321998	2974976	6679136	202.24
1376432400775	323529	3212288	7026752	206.65
1376432401775	325036	3474240	7395584	213.31
1376432402777	326566	3693632	7744832	215.52
1376432403778	328118	3874624	8020640	207.95
1376432404779	329661	4072192	8306240	205.06
1376432405780	331196	4324864	8691392	212.31
1376432406782	332671	4583360	9078176	219.23
1376432407832	334168	4810176	4508832	220.15
1376432408834	335602	1773568	4883936	223.67
1376432409835	337193	2037248	5269088	230.16
1376432410836	338720	2259456	5605280	227.70
1376432411838	340212	2454016	5899040	221.14
1376432412839	341782	2657152	6202592	217.35
1376432413840	343362	2875264	6529472	216.93
1376432414842	344866	3074880	6828704	213.27
1376432415843	346414	3277120	7109984	209.74
1376432416844	347976	3505216	7463840	212.99
1376432417845	349524	3753472	7831328	218.41
1376432418847	351055	3980352	8170496	219.85
1376432419848	352632	4235904	8551040	225.44
1376432420849	354163	4481152	8922848	228.62
1376432421851	355659	4734336	9293600	232.07
1376432422852	357126	4960256	4738400	230.32
1376432423854	358620	5223104	5128736	235.23
1376432424855	360164	5479360	5505728	237.81
1376432425856	361669	2431488	5850080	236.32
1376432426857	363185	2678720	6225440	237.56
1376432427866	364695	2920832	6590720	237.96
1376432428867	366282	3108736	6865184	227.93
1376432429872	367849	3355392	7237280	230.53
1376432430873	369325	3610560	7622432	234.71
1376432431874	370883	3855296	7988000	236.09
1376432432876	372475	4101120	8354384	237.46
1376432433877	373998	4328896	8684864	234.84
1376432434878	375555	4587584	9073072	239.24
1376432435936	377059	4810368	4513248	236.20
1376432436937	378547	5059328	4888832	238.75
1376432437938	380130	5272000	5207072	234.14
1376432438939	381681	5452032	5471456	224.41
1376432439940	383228	2362816	5751872	217.13
1376432440942	384748	2584320	6088352	218.47
1376432441943	386270	2832256	6460448	223.94
1376432442944	387806	3090368	6823856	227.78
1376432443945	389442	3308032	7162208	227.82
1376432444946	390894	3495424	7450544	220.85
1376432445948	392486	3673408	7705664	212.91
1376432446948	394027	3905152	8063072	216.75
1376432447949	395621	4122432	8382944	216.86
1376432448950	397092	4308096	8664752	211.59
1376432449955	398653	4489152	8931296	205.89
1376432450957	400147	4686720	9230528	204.88
1376432451977	401392	4827200	4514432	190.30
1376432452981	403481	4961600	4732160	183.14
1376432453982	404943	5110336	4960640	177.03
1376432454984	406718	5269632	5198912	174.27
1376432455988	408272	5401024	5393120	166.41
1376432456990	409843	2304576	5660480	168.33
1376432457991	411409	2525184	5982832	177.75
1376432458993	412890	2717120	6274960	180.78
1376432459994	414430	2918592	6576880	184.81
1376432460995	415981	3121856	6876032	188.04
1376432461996	417573	3393472	7269664	202.04
1376432462996	419079	3615232	7619440	208.18
1376432463997	420614	3802048	7900144	204.81
1376432464999	422148	3984064	8169712	200.88
1376432466000	423752	4167488	8435728	162.00
1376432467001	425252	4358208	8729200	161.62
1376432468002	426768	4564544	9039568	163.27
1376432469011	428418	4782784	9365936	166.61
1376432470013	429841	1722176	4778672	169.57
1376432471014	431380	1965440	5149136	175.26
1376432472015	432868	2210496	5519600	180.37
1376432473016	434407	2458944	5891696	185.01
1376432474018	435998	2710144	6268400	189.35
1376432475018	437477	2964288	6646736	193.23
1376432476020	439009	3192384	6975344	192.48
1376432477021	440638	3383360	7265840	186.36
1376432478022	442162	3584576	7572656	183.12
1376432479023	443752	3771008	7846832	177.95
1376432480025	445328	3949696	8119376	172.73
1376432481026	446867	4146368	8411504	171.00
1376432482026	448412	4378048	8752592	174.97
1376432483027	449942	4610048	9105104	178.44
1376432484028	451339	1572608	4545296	181.88
1376432485030	452912	1807616	4892912	183.84
1376432486032	454446	1993728	5191568	180.70
1376432487033	456015	2194752	5488592	178.29
1376432488035	457595	2385856	5780720	174.85
1376432489036	459067	2619584	6129968	178.27
1376432490037	460643	2855104	6480848	181.34
1376432491038	462157	3095104	6834992	184.76
1376432492039	463722	3345984	7213616	189.24
1376432493040	465323	3591808	7582448	192.13
1376432494041	466826	3838848	7954544	194.87
1376432495042	468279	4085248	8324480	196.88
1376432496044	469827	4319168	8661200	196.14
1376432497045	471360	4569344	9043088	198.68
1376432498109	472831	4818112	4513168	200.38
1376432499111	474510	5045184	4853744	198.72
1376432500112	476043	5318144	5261744	205.05
1376432501113	477612	5554624	5612624	203.77
1376432502114	479177	5822848	6018992	208.06
1376432503115	480590	6053248	6363056	205.91
1376432504116	482127	3005312	6710912	204.21
1376432505117	483675	3248768	7063472	204.45
1376432506119	485205	3501696	7445360	206.43
1376432507121	486757	3683584	7696688	195.28
1376432508123	488265	3864064	7982288	189.48
1376432509124	489834	4077312	8311376	188.11
1376432510126	491432	4280512	8612240	185.03
1376432511127	493020	4427008	8827664	173.94
1376432512128	494584	4585792	9070832	167.01
1376432513130	496138	4735232	9289520	159.89
1376432514131	497805	4914368	4659536	158.29
1376432515132	499338	5091328	4919024	156.83
1376432516133	500972	5245632	5152400	152.18
1376432517135	502522	5389376	5362928	146.82
1376432518136	504154	5543424	5598144	143.77
1376432519137	505769	5687552	5812832	140.48
1376432520139	507372	5856640	6066320	141.05
1376432521140	508890	6035584	6338336	143.35
1376432522144	510437	2969600	6655472	150.26
1376432523145	512070	3221120	7017776	161.75
1376432524146	513629	3481152	7409456	172.82
1376432525155	515145	3735488	7800848	181.24
1376432526156	516694	3992128	8178128	188.12
1376432527157	518226	4157248	8430560	179.52
1376432528158	519902	4290304	8618768	167.39
1376432529160	521452	4428160	8811344	156.75
1376432530161	523002	4566848	9038192	152.04
1376432531163	524659	4712128	9254960	147.09
1376432532167	526039	3143360	4537136	140.46
1376432533168	527681	1703744	4757168	137.50
1376432534170	529294	1856704	4989200	137.01
1376432535171	530841	2009024	5215760	135.46
1376432536172	532434	2171968	5464112	136.72
1376432537173	534034	2367680	5748080	142.11
1376432538174	535605	2549888	6027152	145.33
1376432539176	537200	2744000	6309488	148.86
1376432540177	538784	2910208	6565712	148.43
1376432541178	540337	3102464	6854288	151.36
1376432542181	541804	3316224	7151232	155.54
1376432543181	543365	3546752	7513904	165.15
1376432544183	544885	3783872	7869680	172.23
1376432545184	546516	3991296	8174864	173.25
1376432546186	548082	4270656	8594288	185.30
1376432547186	549676	4515456	8963120	189.73
1376432548188	551241	4782912	9365936	197.09
1376432549189	552668	1703744	4762352	193.60
1376432550190	554148	1951360	5133088	196.98
1376432551199	555680	2188672	5487232	197.97
1376432552200	557204	2438848	5857696	201.28
1376432553202	558668	2682752	6218368	202.47
1376432554202	560154	2947840	6621472	207.72
1376432555203	561765	3175232	6957664	205.19
1376432556205	563258	3435456	7347712	208.93
1376432557206	564831	3659200	7680640	205.22
1376432558212	566312	3901952	8042944	206.19
1376432559212	567885	4157312	8419936	208.69
1376432560213	569441	4425792	8818144	212.93
1376432561214	571021	4652672	9170656	210.43
1376432562215	572702	4878208	4584736	205.94
1376432563217	574214	5103552	4942144	206.22
1376432564219	575825	5343296	5299552	206.59
1376432565220	577353	5578560	5645536	205.90
1376432566222	578870	5794112	5971936	202.42
1376432567223	580391	2703424	6263008	196.28
1376432568225	582057	2881408	6526816	188.30
1376432569226	583606	3115456	6878176	191.49
1376432570227	585111	3367232	7249792	196.47
1376432571229	586639	3602304	7599040	197.37
1376432572230	588073	3867776	7992352	202.76
1376432573231	589662	4095680	8341072	202.31
1376432574233	591151	4296000	8638624	196.82
1376432575234	592713	4458688	8880160	186.88
1376432576236	594227	4624704	9131200	179.87
1376432577350	595679	4819392	4512288	177.59
1376432578351	597425	5039104	4842016	181.18
1376432579352	598981	5231680	5129824	179.17
1376432580353	600520	5446784	5452960	181.81
1376432581355	602081	5635392	5733664	178.98
1376432582355	603511	5819968	6012736	176.65
1376432583357	605091	2740480	6303232	176.57
1376432584357	606602	2979392	6668800	183.06
1376432585358	608141	3209728	7013152	186.65
1376432586359	609690	3425280	7336000	187.78
1376432587360	611340	3613440	7613728	183.92
1376432588362	612882	3864384	7972768	189.61
1376432589363	614446	4052032	8260000	187.03
1376432590364	615965	4267264	8588032	188.33
1376432591364	617600	4467072	8880160	186.29
1376432592365	619117	4682176	9200032	188.01
1376432593367	620365	4855552	4568416	181.98
1376432594368	621842	5060864	4876864	181.73
1376432595370	623384	5256384	5172256	180.93
1376432596371	624903	5492288	5524480	186.91
1376432597372	626436	5739520	5885440	192.92
1376432598374	627951	5993792	6270592	199.25
1376432599375	629487	2952128	6627712	202.06
1376432600376	631056	3179072	6962560	202.26
1376432601378	632691	3414400	7318336	203.80
1376432602380	634242	3671168	7704832	209.00
1376432603381	635723	3878144	8008672	203.65
1376432604382	637272	4113536	8354656	205.21
1376432605384	638775	4295680	8630464	197.37
1376432606386	640289	4495616	8935648	194.57
1376432607387	641953	4647104	9155968	184.38
1376432608388	643377	4816448	4519104	178.37
1376432609390	644821	5055680	4868416	184.79
1376432610390	646340	5320640	5260384	194.49
1376432611392	647900	5539136	5588416	194.62
1376432612393	649390	5735616	5890336	191.86
1376432613394	650961	5879808	6099232	180.13
1376432614395	652535	6010816	6301600	168.67
1376432615397	654076	3039104	6546400	165.28
1376432616398	655655	3117312	6869248	170.21
1376432617399	657178	3329600	7194304	174.62
1376432618401	658721	3575552	7559872	183.33
1376432619402	660164	3792256	7883008	185.35
1376432620403	661694	4036672	8222464	189.67
1376432621404	663249	4222912	8526016	187.86
1376432622406	664817	4447296	8855680	189.75
1376432623407	666403	4650496	9167392	189.19
1376432624408	667629	4820032	4517824	181.94
1376432625410	669165	4963136	4729744	172.22
1376432626410	670688	5143104	5002528	170.63
1376432627412	672336	5316352	5250592	167.42
1376432628413	673978	5466880	5483888	162.66
1376432629414	675502	5631424	5728976	160.44
1376432630415	677015	5865920	6081488	169.54
1376432631416	678590	4378304	6381776	172.71
1376432632417	680134	3000512	6696752	174.74
1376432633418	681824	3199872	6992144	175.90
1376432634419	683411	3426432	7336496	181.28
1376432635420	684874	3657792	7677584	185.58
1376432636420	686386	3925312	8077424	196.37
1376432637422	687848	4126016	8385872	194.01
1376432638423	689461	4334464	8687792	192.69
1376432639425	691046	4524160	8970128	188.61
1376432640426	692546	4750144	9309584	191.81
1376432641428	694007	4962688	4733456	192.69
1376432642428	695571	5231360	5113712	199.61
1376432643430	697044	5449536	5458064	201.59
1376432644432	698608	5661568	5771408	199.68
1376432645433	700177	5780480	5950928	182.96
1376432646435	701734	5971328	6234896	181.11
1376432647436	703216	2892864	6541712	182.26
1376432648438	704730	3153536	6923600	191.92
1376432649439	706192	3388864	7281504	196.24
1376432650440	707700	3624960	7628624	198.79
1376432651442	709203	3869632	7992560	202.79
1376432652443	710743	4114048	8359760	206.30
1376432653444	712282	4342144	8702480	206.46
1376432654445	713831	4604096	9090896	211.98
1376432655446	715304	4827968	4524560	209.88
1376432656447	716799	5086656	4896656	213.03
1376432657448	718258	5303424	5236112	212.08
1376432658450	719767	5557440	5619632	215.78
1376432659451	721312	5785280	5952912	214.06
1376432660452	722806	2739584	6309152	214.52
1376432661453	724350	2956736	6635552	211.59
1376432662453	725862	3201024	7002752	213.34
1376432663455	727383	3446336	7358528	214.81
1376432664456	728884	3713536	7768160	220.31
1376432665458	730479	3954752	8127200	220.22
1376432666459	732055	4221312	8515616	224.06
1376432667460	733603	4458496	8869760	223.18
1376432668460	735094	4730624	9277760	227.87
1376432669462	736646	4958656	4714688	224.76
1376432670462	738108	5213248	5099840	226.12
1376432671464	739577	5447552	5458880	224.69
1376432672465	741114	5685312	5806496	222.84
1376432673466	742651	4262080	6162272	222.04
1376432674467	744173	2875840	6501952	219.90
1376432675468	745634	3107712	6859360	218.52
1376432676469	747159	3365056	7246144	221.67
1376432677470	748652	3612800	7616608	222.23
1376432678472	750151	3864832	7993600	223.96
1376432679473	751726	4119680	8370912	225.23
1376432680474	753271	4394560	8783808	230.07
1376432681476	754908	4632768	9131424	227.65
1376432682477	756349	4853312	4565088	222.74
1376432683477	757884	5073984	4899648	219.34
1376432684479	759468	5336000	5279904	222.76
1376432685480	761004	5579136	5647104	222.54
1376432686481	762467	5844864	6043680	226.67
1376432687482	764042	2797696	6394560	224.63
1376432688484	765601	3061120	6786240	227.96
1376432689488	767170	3314304	7169760	228.83
1376432690490	768687	3555648	7527168	226.71
1376432691491	770196	3794560	7887840	226.39
1376432692492	771687	4051200	8269728	227.76
1376432693496	773208	4266304	8586336	222.76
1376432694497	774787	4521600	8971488	224.47
1376432695499	776466	4739072	9298192	220.10
1376432696500	777514	1648000	4668208	212.28
1376432697501	779038	1859584	4992976	209.52
1376432698502	780570	2135616	5409136	217.74
1376432699502	782269	2303872	5659936	205.62
1376432700504	783841	2418496	5831824	187.48
1376432701505	785555	2569280	6048880	178.69
1376432702506	787091	2763840	6344272	179.03
1376432703507	788725	2967616	6654352	180.75
1376432704509	790241	3202432	6998704	187.09
1376432705510	791781	3410880	7314960	188.31
1376432706511	793363	3631680	7640080	190.44
1376432707513	794917	3837632	7953440	190.99
1376432708513	796442	4080960	8314352	197.05
1376432709515	797985	4323200	8670416	201.80
1376432710516	799509	4599552	9084944	211.39
1376432711572	800934	4829696	4513072	210.54
1376432712573	802552	5079936	4900496	215.71
1376432713574	804070	5304704	5231792	214.35
1376432714575	805584	5545408	5597360	216.54
1376432715576	807145	5777792	5940080	216.68
1376432716577	808623	6026624	6313808	219.83
1376432717579	810121	6251648	6654896	218.26
1376432718580	811610	3227520	7030256	221.67
1376432719581	813107	3462080	7381136	221.54
1376432720583	814589	3678464	7710512	217.57
1376432721584	816119	3908160	8058416	217.60
1376432722584	817618	4156288	8425872	219.98
1376432723586	819192	4405184	8791440	222.39
1376432724586	820689	4609088	9103200	216.54
1376432725588	822230	4771584	9338160	204.51
1376432726590	823688	4926592	4670112	194.06
1376432727591	825174	5077184	4889328	184.11
1376432728593	826711	5228224	5117808	176.11
1376432729594	828317	5410624	5390352	175.61
1376432730594	829878	5628864	5721648	180.88
1376432731595	831425	5865472	6075792	188.57
1376432732596	833008	6122240	6446256	197.93
1376432733597	834561	6333568	6771024	197.95
1376432734598	836095	3242112	7064784	194.82
1376432735600	837663	3433152	7340592	191.55
1376432736601	839160	3638912	7653936	192.22
1376432737603	840664	3841344	7959120	191.67
1376432738608	842200	4119040	8368752	203.63
1376432739608	843718	4270592	8598864	192.60
1376432740609	845277	4467904	8895600	191.60
1376432741610	846877	4654400	9160272	188.24
1376432742611	848211	1570688	4556400	187.82
1376432743613	849712	1791680	4892592	191.67
1376432744614	851268	2015936	5227152	195.12
1376432745615	852882	2188928	5488272	189.39
1376432746617	854461	2401792	5801616	190.67
1376432747618	855964	2607104	6090480	189.22
1376432748619	857510	2855040	6482160	199.86
1376432749622	859055	3085248	6821616	202.60
1376432750623	860540	3281920	7120272	199.58
1376432751624	862008	3470784	7399344	195.13
1376432752625	863602	3703296	7740432	199.41
1376432753626	865259	3852032	7968912	188.63
1376432754627	866837	4039808	8254512	186.86
1376432755628	868417	4248320	8551536	188.38
1376432756632	869948	4421824	8819184	183.69
1376432757632	871546	4619200	9111312	183.97
1376432758761	873069	4822976	4509920	186.26
1376432759763	874580	1765568	4853424	191.89
1376432760764	876184	1945216	5121072	188.56
1376432761766	877797	2076224	5313648	177.44
1376432762767	879540	2231424	5542128	172.26
1376432763768	881013	2411712	5814672	172.86
1376432764770	882512	2639168	6154128	181.67
1376432765771	884121	2867264	6495120	189.05
1376432766772	885565	3073600	6800400	190.75
1376432767783	887102	3287424	7108848	192.62
1376432768784	888626	3486400	7418928	193.90
1376432769785	890076	3679936	7712688	193.00
1376432770786	891593	3935616	8091312	203.05
1376432771787	893199	4162624	8425872	206.50
1376432772789	894767	4359040	8706576	201.62
1376432773790	896309	4543424	9003312	199.88
1376432774791	897795	4741760	9295728	198.50
1376432775792	899144	1675968	4716336	200.71
1376432776793	900586	1890944	5037840	201.79
1376432777794	902316	2033472	5248368	190.50
1376432778796	903887	2217472	5517648	188.28
1376432779797	905610	2396800	5782032	185.79
1376432780799	907128	2588992	6080400	186.39
1376432781800	908742	2840192	6457680	197.57
1376432782801	910255	3073920	6798768	202.60
1376432783801	911803	3246208	7061520	196.35
1376432784802	913387	3457856	7378944	198.45
1376432785803	914970	3652352	7665360	196.72
1376432786805	916521	3870592	7993392	199.50
1376432787806	918046	4101184	8327952	203.76
1376432788807	919519	4312896	8655984	204.50
1376432789809	921095	4499392	8936688	200.69
1376432790810	922599	4693440	9228816	198.68
1376432791811	923925	1573952	4567824	191.01
1376432792813	925486	1838464	4959504	202.99
1376432793814	927003	2060800	5290800	206.11
1376432794815	928582	2268864	5589456	205.41
1376432795816	930169	2471104	5897904	203.79
1376432796817	931736	2686912	6224304	205.33
1376432797818	933223	2911296	6563760	208.15
1376432798820	934769	3120064	6872208	206.82
1376432799821	936364	3300032	7139568	201.28
1376432800823	937950	3508416	7443408	201.82
1376432801824	939447	3701248	7742064	200.07
1376432802825	940927	3916288	8061024	201.85
1376432803825	942466	4153344	8417936	207.42
1376432804827	944023	4383360	8752496	210.25
1376432805828	945595	4564352	9033200	204.70
1376432806829	947170	4778112	9354704	205.46
1376432807830	948669	4963712	4718192	200.76
1376432808831	950253	5208896	5083760	207.99
1376432809832	951835	5457792	5465648	214.91
1376432810833	953316	5654848	5754512	210.49
1376432811835	954864	5836992	6029792	204.82
1376432812836	956327	6043008	6341952	204.59
1376432813837	957892	6246976	6645584	203.87
1376432814839	959395	6515328	7048688	214.65
1376432815840	961008	3453696	7358768	212.92
1376432816841	962579	3637120	7631024	207.06
1376432817842	964139	3832064	7905200	202.56
1376432818844	965760	4040000	8220464	204.68
1376432819845	967345	4261440	8559920	207.18
1376432820846	968818	4497152	8916800	212.16
1376432821848	970390	4688896	9198032	207.25
1376432822849	971683	4852480	4548464	199.66
1376432823855	973300	5066688	4868336	201.62
1376432824857	974883	5264064	5158832	200.00
1376432825857	976381	5497664	5512976	205.90
1376432826859	977942	5748352	5880176	213.01
1376432827859	979503	5932608	6162224	207.75
1376432828860	981038	6136768	6464432	206.37
1376432829861	982611	6339648	6764720	205.14
1376432830862	984142	6574272	7117232	210.10
1376432831863	985709	3528128	7451792	213.49
1376432832864	987206	3725184	7750448	209.74
1376432833866	988803	3921664	8047472	206.93
1376432834867	990389	4132672	8347760	204.80
1376432835868	991967	4336192	8670896	206.64
1376432836869	993461	4581632	9033200	212.66
1376432837871	994992	4838848	9403664	218.57
1376432838872	996684	4972928	4715456	205.02
1376432839873	998243	5167232	5010320	202.63
1376432840875	999660	5337600	5269808	196.70
1376432841876	1001287	5583168	5627216	204.77
1376432842877	1002748	5831872	6009104	212.67
1376432843879	1004356	6042240	6317552	211.45
1376432844880	1005945	6232192	6593360	207.43
1376432845881	1007483	6444864	6924656	207.89
1376432846882	1009066	3380032	7240912	208.39
1376432847883	1010615	3614656	7585616	212.64
1376432848884	1012222	3838912	7929136	214.57
1376432849885	1013770	4038144	8207408	209.31
1376432850887	1015309	4220544	8501168	206.17
1376432851888	1016882	4433472	8820464	207.07
1376432852889	1018381	4653696	9150416	209.49
1376432853890	1019949	4866560	4563152	210.00
1376432854890	1021503	5061696	4852016	207.05
1376432855892	1023098	5256768	5142512	204.26
1376432856893	1024663	5476032	5444432	204.57
1376432857895	1026204	5681280	5775728	206.78
1376432858896	1027679	5922560	6142640	212.75
1376432859897	1029167	6162240	6498416	217.42
1376432860899	1030697	6347968	6776144	211.56
1376432861900	1032234	6557504	7089488	211.09
1376432862901	1033712	3468608	7368560	207.30
1376432863902	1035135	3717440	7725968	212.40
1376432864903	1036654	3944256	8086352	216.42
1376432865903	1038115	4145664	8391296	213.63
1376432866905	1039647	4349888	8688848	211.24
1376432867905	1041250	4555072	8990768	210.17
1376432868907	1042796	4775104	9332672	212.25
1376432869908	1044066	1708800	4746752	212.02
1376432870908	1045567	1939008	5086736	215.13
1376432871909	1047146	2122304	5353040	208.72
1376432872910	1048705	2317952	5656592	206.47
1376432873912	1050234	2532096	5976464	207.70
1376432874913	1051731	2757696	6312656	210.80
1376432875914	1053302	2998720	6676592	216.24
1376432876915	1054867	3207360	6973616	214.06
1376432877916	1056409	3388608	7247792	208.41
1376432878917	1057951	3606080	7575824	209.41
1376432879919	1059435	3806976	7882640	208.51
1376432880920	1061049	4035072	8217200	211.42
1376432881921	1062527	4230336	8514224	208.76
1376432882922	1064116	4420544	8793296	204.81
1376432883924	1065679	4628992	9109904	205.47
1376432884925	1067292	4836992	9417824	205.64
1376432885927	1068349	1706624	4729616	196.51
1376432886928	1069861	1916160	5047856	198.73
1376432887929	1071491	2088512	5306816	193.67
1376432888931	1073044	2264768	5578256	190.78
1376432889932	1074636	2477824	5885072	194.40
1376432890933	1076184	2698048	6224528	199.22
1376432891935	1077776	2948160	6586832	208.31
1376432892936	1079246	3179712	6939344	212.29
1376432893937	1080851	3356416	7193936	204.85
1376432894939	1082347	3544256	7489328	203.05
1376432895940	1083874	3749632	7786352	203.08
1376432896941	1085386	3976384	8130128	207.63
1376432897941	1086928	4214976	8478320	212.92
1376432898942	1088579	4428864	8807984	213.09
1376432899943	1090156	4609216	9077264	207.37
1376432900943	1091857	4795712	9338384	201.42
1376432901944	1093302	1680320	4701872	197.78
1376432902945	1094814	1921600	5057648	205.33
1376432903950	1096370	2107072	5342960	202.20
1376432904950	1097990	2239424	5534192	189.44
1376432905952	1099618	2420736	5805104	187.85
1376432906953	1101124	2592128	6062960	185.27
1376432907953	1102675	2816768	6395888	192.07
1376432908955	1104209	3066688	6769616	202.78
1376432909955	1105819	3275136	7087856	204.30
1376432910957	1107384	3471744	7383248	202.97
1376432911958	1108939	3695744	7710416	206.49
1376432912959	1110526	3927232	8060528	211.53
1376432913960	1112125	4187008	8444096	220.21
1376432914961	1113710	4413120	8775344	221.64
1376432915962	1115270	4584384	9041360	212.99
1376432916964	1116846	4776000	9326960	208.76
1376432917964	1118073	1667776	4677392	202.36
1376432918966	1119548	1896704	5025008	207.70
1376432919967	1121096	2141952	5387312	214.50
1376432920968	1122628	2344192	5692208	212.26
1376432921970	1124213	2544256	5984624	210.24
1376432922971	1125664	2736320	6280016	207.31
1376432923972	1127209	2965952	6619536	211.68
1376432924973	1128719	3212672	6991040	218.20
1376432925975	1130308	3441728	7329392	220.26
1376432926976	1131813	3625280	7603568	213.92
1376432927977	1133344	3833600	7920176	213.16
1376432928979	1134924	4022464	8202224	208.94
1376432929980	1136492	4263616	8563184	215.08
1376432930981	1138033	4477568	8883056	215.46
1376432931985	1139558	4679104	9183344	213.33
1376432932995	1140826	4840384	4510288	204.19
1376432933997	1142352	1748288	4801424	201.58
1376432934998	1143891	1968384	5127824	205.40
1376432935999	1145423	2227456	5512976	215.57
1376432937000	1146907	2462720	5854064	179.09
1376432938002	1148472	2638592	6126608	173.64
1376432939003	1150054	2845824	6438320	173.28
1376432940005	1151616	3065280	6772880	175.11
1376432941006	1153141	3309696	7135376	179.99
1376432942007	1154651	3539264	7481168	181.79
1376432943008	1156228	3748544	7768400	178.18
1376432944010	1157717	3923328	8055632	174.21
1376432945010	1159281	4119872	8345840	172.01
1376432946011	1160804	4357696	8705168	176.77
1376432947012	1162378	4608960	9074000	182.13
1376432948201	1163919	4842560	4510480	184.67
1376432949202	1165482	1740352	4791344	179.70
1376432950203	1167041	1961856	5125664	181.92
1376432951204	1168698	2172864	5436272	182.09
1376432952204	1170192	2421824	5806736	187.87
1376432953205	1171798	2663232	6159248	191.36
1376432954206	1173377	2873920	6488912	190.02
1376432955216	1174896	3058112	6764720	184.59
1376432956218	1176430	3272960	7086224	185.20
1376432957219	1178047	3483584	7393040	184.88
1376432958220	1179559	3727808	7765136	189.84
1376432959221	1181126	3939712	8074928	188.30
1376432960223	1182629	4120768	8349392	182.35
1376432961224	1184247	4308480	8625200	178.42
1376432962227	1185790	4515008	8941808	179.15
1376432963236	1187322	4750336	9292688	183.31
1376432964237	1188510	1643456	4631696	176.22
1376432965238	1190073	1820288	4912400	173.71
1376432966240	1191603	2019520	5211056	173.85
1376432967241	1193036	2216576	5493392	173.10
1376432968242	1194577	2459008	5857328	179.85
1376432969250	1196091	2690496	6211472	184.67
1376432970251	1197624	2926208	6544400	186.74
1376432971252	1199080	3092224	6813680	180.81
1376432972254	1200673	3308352	7136816	182.14
1376432973255	1202218	3530176	7463712	184.45
1376432974256	1203746	3810560	7866464	193.51
1376432975257	1205310	4035456	8215568	195.99
1376432976258	1206881	4236160	8512592	192.23
1376432977259	1208464	4430592	8801456	188.41
1376432978260	1210043	4655168	9142544	189.70
1376432979261	1211512	4845312	4520720	184.76
1376432980262	1213073	5111232	4915664	193.58
1376432981264	1214677	5289216	5184944	186.11
1376432982265	1216244	5490048	5477072	184.44
1376432983266	1217802	5685312	5780624	182.47
1376432984266	1219200	5889024	6087440	181.65
1376432985268	1220703	6148480	6466064	189.61
1376432986269	1222181	6388480	6830000	193.64
1376432987270	1223681	6562944	7094384	186.35
1376432988271	1225262	6766656	7393040	184.70
1376432989279	1226786	6948992	7674560	180.69
1376432990280	1228292	3911104	8037056	187.17
1376432991281	1229754	4147328	8385296	190.91
1376432992284	1231271	4370432	8724752	191.52
1376432993285	1232826	4560256	9007088	187.24
1376432994286	1234330	4775616	9333488	187.69
1376432995287	1235952	4965312	4691536	182.61
1376432996288	1237471	5214272	5087024	191.45
1376432997290	1239064	5441984	5421584	192.40
1376432998291	1240605	5629504	5702288	187.39
1376432999294	1242196	5823872	5996864	184.37
1376433000295	1243741	6035712	6312656	184.87
1376433001296	1245293	6269504	6652112	188.67
1376433002296	1246816	6534784	7053584	196.34
1376433003298	1248357	6743040	7363664	193.80
1376433004299	1249902	6943552	7672112	191.10
1376433005300	1251399	3843008	7934816	184.95
1376433006301	1253026	4063424	8263856	186.98
1376433007302	1254570	4310976	8638256	192.83
1376433008302	1256203	4547840	8980976	195.31
1376433009304	1257705	4729280	9248624	188.90
1376433010305	1258823	1602176	4582736	179.49
1376433011306	1260368	1803008	4879760	178.81
1376433012307	1261949	2035968	5236880	184.45
1376433013308	1263546	2268864	5578256	188.08
1376433014310	1265041	2485632	5899760	188.10
1376433015311	1266568	2666048	6173008	183.25
1376433016312	1268052	2869376	6469328	182.73
1376433017313	1269668	3063872	6766352	180.97
1376433018315	1271162	3324608	7156400	190.13
1376433019316	1272731	3534400	7466480	188.50
1376433020319	1274330	3722240	7751552	184.54
1376433021319	1275838	3895744	8001776	179.21
1376433022321	1277370	4081280	8285744	176.65
1376433023322	1278877	4279552	8584400	176.15
1376433024323	1280404	4542592	8978192	186.58
1376433025324	1281942	4738688	9273104	184.36
1376433026325	1283143	1605184	4585232	175.13
1376433027327	1284625	1794048	4860176	173.03
1376433028328	1286131	2010688	5194736	176.99
1376433029329	1287654	2242688	5537920	181.71
1376433030330	1289237	2499520	5917712	189.82
1376433031331	1290829	2679488	6193520	184.93
1376433032332	1292388	2898816	6515024	186.32
1376433033332	1294011	3094528	6808784	184.32
1376433034334	1295565	3360000	7206992	193.91
1376433035335	1297091	3588928	7548080	195.92
1376433036336	1298604	3803136	7864688	194.73
1376433037337	1300071	3985344	8140496	188.97
1376433038338	1301712	4201024	8468528	189.69
1376433039340	1303205	4395200	8754128	185.88
1376433040340	1304713	4641664	9127856	192.24
1376433041419	1306072	4837952	4511824	188.01
1376433042420	1307604	1759232	4816112	186.34
1376433043421	1309249	1929088	5062544	180.36
1376433044422	1310729	2117824	5357648	178.93
1376433045423	1312355	2345792	5689232	183.80
1376433046423	1313933	2577728	6033584	188.19
1376433047424	1315442	2758848	6311024	184.12
1376433048424	1317019	2975808	6634160	186.16
1376433049425	1318593	3174848	6931184	184.79
1376433050426	1320129	3390784	7255952	186.65
1376433051427	1321727	3621952	7595696	190.50
1376433052428	1323269	3864640	7964528	195.71
1376433053429	1324792	4021632	8197904	185.92
1376433054431	1326399	4132032	8362736	170.22
1376433055432	1328035	4257472	8547152	160.23
1376433056433	1329709	4457472	8840240	164.41
1376433057435	1331324	4654720	9144464	167.75
1376433058606	1332789	4840448	4514224	167.50
1376433059608	1334395	1734784	4775600	166.94
1376433060609	1335992	1943232	5090576	172.11
1376433061610	1337528	2142976	5389232	175.39
1376433062610	1339061	2414976	5797232	190.08
1376433063611	1340635	2632576	6118672	192.43
1376433064614	1342215	2833984	6427184	192.34
1376433065615	1343790	3008384	6683408	187.15
1376433066616	1345351	3236672	7026128	192.31
1376433067616	1346903	3458176	7347632	195.37
1376433068618	1348411	3713344	7734416	203.34
1376433069621	1349977	3894528	8010224	197.07
1376433070622	1351560	4084864	8286032	194.23
1376433071623	1353187	4283328	8586320	193.05
1376433072625	1354732	4534144	8960048	201.17
1376433073626	1356227	4766272	9315824	205.08
1376433074627	1357691	4945024	4677680	198.27
1376433075628	1359254	5132544	4953488	194.52
1376433076630	1360726	5341696	5275232	195.10
1376433077631	1362357	5527168	5547776	191.27
1376433078632	1363976	5776832	5923136	199.43
1376433079633	1365490	6005440	6254432	202.12
1376433080634	1366954	6218496	6579200	201.60
1376433081636	1368539	6405056	6864800	197.75
1376433082636	1370121	6615296	7178144	197.81
1376433083638	1371655	6833792	7501856	199.39
1376433084638	1373245	7090368	7891040	207.50
1376433085639	1374826	4009536	8185088	203.87
1376433086640	1376378	4208768	8483744	200.83
1376433087642	1377973	4403648	8774240	198.34
1376433088643	1379501	4625728	9103904	200.07
1376433089764	1380942	4841664	4516816	200.12
1376433090765	1382869	5063680	4859072	203.47
1376433091765	1384390	5232576	5107136	196.39
1376433092766	1385922	5433792	5413664	196.20
1376433093767	1387504	5637056	5710976	195.93
1376433094768	1389052	5862016	6054512	200.36
1376433095769	1390576	6117376	6433952	208.68
1376433096770	1392099	6336640	6760352	208.86
1376433097771	1393603	6524480	7037792	203.86
1376433098772	1395213	6719552	7328288	201.09
1376433099773	1396829	6945728	7661216	204.63
1376433100774	1398383	7200064	8046368	212.65
1376433101777	1399887	4134592	8366240	211.54
1376433102778	1401377	4333184	8664896	207.71
1376433103779	1402986	4541120	8968448	207.12
1376433104780	1404520	4720832	9244256	201.14
1376433105781	1406167	1615104	4606768	194.99
1376433106782	1407739	1887872	5001712	206.64
1376433107783	1409294	2075136	5290576	202.57
1376433108785	1410873	2277568	5592208	201.47
1376433109786	1412433	2472192	5882992	199.55
1376433110787	1413923	2693504	6217552	202.62
1376433111788	1415554	2914112	6542320	204.15
1376433112788	1417109	3131456	6866752	205.24
1376433113790	1418730	3316672	7141264	200.77
1376433114790	1420349	3540416	7482640	204.13
1376433115792	1421880	3732416	7771504	200.93
1376433116794	1423377	3963072	8117200	205.87
1376433117795	1424882	4198720	8465104	209.90
1376433118796	1426435	4417792	8788240	209.99
1376433119797	1427924	4594752	9052624	203.31
1376433120798	1429450	4796288	9362704	202.28
1376433121799	1430567	1684736	4709872	195.25
1376433122800	1432025	1927040	5075440	202.66
1376433123802	1433638	2148544	5400208	204.95
1376433124802	1435269	2329024	5664592	199.26
1376433125803	1436864	2530880	5966512	198.94
1376433126805	1438472	2727680	6258640	197.47
1376433127806	1440024	2938752	6575248	199.00
1376433128808	1441625	3125440	6863792	196.26
1376433129809	1443204	3258560	7058320	183.87
1376433130810	1444780	3452928	7348816	185.49
1376433131811	1446363	3654208	7647472	187.38
1376433132812	1447953	3867648	7962448	191.07
1376433133813	1449403	4128320	8363920	203.08
1376433134815	1450902	4344320	8680528	204.59
1376433135815	1452464	4530944	8957968	200.55
1376433136816	1453977	4730560	9262576	199.69
1376433137818	1455113	4885312	4589104	190.68
1376433138819	1456541	5120832	4944880	197.86
1376433139820	1458049	5360704	5307184	205.24
1376433140821	1459626	5587520	5642848	207.57
1376433141821	1461125	5767296	5906128	201.89
1376433142823	1462683	5962560	6204784	200.30
1376433143824	1464272	6169856	6496912	198.30
1376433144825	1465762	6401024	6859216	205.61
1376433145826	1467357	6641024	7214992	210.86
1376433146828	1468902	6820928	7482352	204.44
1376433147829	1470467	7015488	7774768	201.82
1376433148830	1472001	7226944	8093008	202.69
1376433149831	1473525	5112192	8409616	204.59
1376433150832	1475056	4399680	8768656	208.82
1376433151834	1476616	4603264	9075472	207.33
1376433152835	1478160	4789440	9356176	202.97
1376433153836	1479566	1649792	4660624	191.09
1376433154838	1481098	1865856	4980784	194.93
1376433155839	1482677	2123264	5367280	205.40
1376433156839	1484208	2333184	5676016	205.31
1376433157840	1485759	2519424	5955088	201.32
1376433158841	1487272	2722688	6253744	200.63
1376433159842	1488733	2921472	6557296	199.81
1376433160843	1490325	3187008	6927760	208.52
1376433161845	1491884	3409728	7280272	212.67
1376433162846	1493394	3596864	7562608	207.18
1376433163847	1494959	3799488	7862896	204.95
1376433164849	1496538	4018048	8186032	207.41
1376433165850	1498069	4219840	8486320	205.83
1376433166851	1499632	4456320	8845360	210.83
1376433167853	1501143	4693888	9196240	215.14
1376433168853	1502276	4840960	4525456	202.73
1376433169854	1503879	1766976	4820848	202.86
1376433170855	1505464	1957504	5106448	200.16
1376433171856	1506999	2189440	5463568	205.44
1376433172857	1508551	2423296	5808208	209.70
1376433173859	1510138	2615744	6095440	205.60
1376433174860	1511633	2802432	6374512	202.06
1376433175861	1513208	2991296	6650320	198.85
1376433176862	1514792	3194368	6962032	199.05
1376433177863	1516327	3442048	7335760	207.44
1376433178865	1517763	3682368	7691536	212.62
1376433179866	1519293	3871168	7978768	208.18
1376433180868	1520877	4082624	8297008	208.51
1376433181869	1522390	4272448	8576080	204.43
1376433182870	1523958	4511168	8936464	210.48
1376433183870	1525454	4758336	9295792	215.66
1376433184872	1526695	1646528	4649488	206.64
1376433185872	1528215	1828864	4922032	201.90
1376433186874	1529788	2041152	5237008	203.25
1376433187875	1531403	2249216	5556880	203.92
1376433188876	1532949	2511680	5945296	214.12
1376433189878	1534505	2729920	6267296	214.22
1376433190880	1536091	2920640	6545872	209.59
1376433191880	1537732	3133760	6867376	209.91
1376433192882	1539173	3329600	7170928	207.48
1376433193883	1540723	3580800	7543024	215.22
1376433194884	1542162	3809088	7884112	217.13
1376433195885	1543692	4017728	8192560	214.54
1376433196886	1545238	4181568	8432464	205.23
1376433197887	1546811	4370944	8716432	201.58
1376433198888	1548358	4580928	9036304	203.48
1376433199889	1549847	4824192	9398608	210.30
1376433200890	1551120	1710848	4745776	202.69
1376433201891	1552666	1896448	5028112	199.32
1376433202893	1554138	2090560	5319488	198.19
1376433203894	1555728	2315840	5636096	201.56
1376433204895	1557297	2556608	6013088	209.59
1376433205896	1558894	2790912	6352544	213.29
1376433206898	1560445	3012480	6687104	214.25
1376433207899	1561975	3188416	6956768	207.39
1376433208900	1563530	3382848	7245248	204.40
1376433209901	1565069	3608640	7589312	208.55
1376433210902	1566531	3833536	7918352	211.22
1376433211903	1568123	4045952	8244032	211.68
1376433212905	1569689	4230336	8508416	206.24
1376433213906	1571265	4435008	8816864	205.40
1376433214907	1572776	4636864	9117152	203.92
1376433216293	1574156	4848128	4518464	167.56
1376433217294	1576188	1803392	4877216	174.90
1376433218297	1577769	2004800	5175872	174.68
1376433219299	1579249	2185408	5456576	172.78
1376433220300	1580827	2416832	5796224	178.58
1376433221302	1582425	2645440	6143552	182.59
1376433222303	1583915	2902720	6525200	190.56
1376433223304	1585472	3089472	6806432	186.09
1376433224305	1587068	3285568	7101824	183.57
1376433225307	1588681	3485504	7395584	182.11
1376433226308	1590188	3699904	7720352	183.95
1376433227309	1591814	3910848	8030432	184.22
1376433228311	1593363	4160896	8402528	190.66
1376433229312	1594961	4340928	8677520	185.37
1376433230314	1596475	4531008	8960384	182.18
1376433231315	1598009	4714304	9236480	178.55
1376433232316	1599314	1627584	4617920	176.94
1376433233317	1600832	1855616	4949216	182.01
1376433234318	1602377	2054848	5253168	181.27
1376433235319	1603903	2231104	5510624	176.62
1376433236320	1605485	2446016	5845184	179.49
1376433237321	1607029	2641856	6124256	178.21
1376433238322	1608558	2900096	6515936	187.28
1376433239323	1610202	3125440	6861632	189.41
1376433240324	1611694	3329280	7166816	187.94
1376433241326	1613322	3500800	7421696	181.47
1376433242327	1614903	3722304	7751360	184.46
1376433243328	1616462	3949376	8089184	187.38
1376433244328	1617976	4196416	8462624	193.67
1376433245329	1619522	4400448	8753408	191.23
1376433246330	1621030	4586112	9034112	186.70
1376433247331	1622575	4780608	9324608	184.18
1376433248332	1624215	4946496	4671776	177.97
1376433249333	1625726	5192320	5045504	185.58
1376433250336	1627230	5435712	5404544	190.76
1376433251337	1628873	5614528	5672192	185.10
1376433252338	1630411	5827328	5995328	186.07
1376433253340	1631998	6034880	6307040	185.97
1376433254341	1633522	6278144	6667712	191.80
1376433255342	1635062	6536256	7057472	199.20
1376433256342	1636562	6749632	7366208	197.10
1376433257344	1638146	6933184	7653152	191.64
1376433258351	1639725	7142720	7966784	190.99
1376433259351	1641340	7347648	8258912	189.71
1376433260352	1642932	7603712	8652432	197.33
1376433261356	1644493	4532992	8972016	195.41
1376433262357	1646039	4738752	9271872	192.75
1376433263358	1647108	1582400	4557024	177.82
1376433264360	1648636	1780544	4849152	177.35
1376433265361	1650148	2024384	5209824	184.54
1376433266362	1651647	2277248	5593024	192.50
1376433267363	1653187	2472960	5874048	189.00
1376433268364	1654714	2658368	6161280	185.35
1376433269365	1656240	2861248	6456672	184.70
1376433270367	1657745	3079552	6784704	186.72
1376433271375	1659298	3312000	7142112	190.76
1376433272377	1660803	3546624	7483200	193.05
1376433273378	1662340	3729408	7765008	188.05
1376433274379	1663925	3944512	8082144	188.36
1376433275380	1665503	4138752	8377248	186.08
1376433276381	1666990	4385536	8743104	192.49
1376433277383	1668569	4637504	9095616	196.42
1376433278384	1670141	4829376	9407232	193.41
1376433279385	1671243	1673600	4694256	179.97
1376433280386	1672852	1899264	5017680	183.65
1376433281387	1674398	2096640	5326128	183.37
1376433282388	1675952	2336448	5683536	189.08
1376433283389	1677480	2558720	5996880	189.00
1376433284390	1679045	2747456	6282480	186.80
1376433285393	1680645	2941760	6587376	185.26
1376433286393	1682167	3149440	6892848	185.53
1376433287394	1683664	3380544	7229040	189.75
1376433288394	1685109	3625984	7606032	195.53
1376433289396	1686646	3816576	7881840	190.57
1376433290397	1688215	4026368	8203344	191.04
1376433291400	1689798	4213184	8487312	187.17
1376433292402	1691296	4445568	8821872	190.80
1376433293402	1692905	4656256	9123792	189.28
1376433294404	1694403	4841600	9424080	187.09
1376433295404	1696093	4969408	4713840	174.55
1376433296405	1697631	5156416	4983408	173.32
1376433297406	1699251	5358080	5296752	175.42
1376433298407	1700809	5603456	5632944	181.78
1376433299408	1702336	5832448	6001776	187.97
1376433300409	1703942	6039296	6308592	187.53
1376433301411	1705513	6227776	6589296	184.82
1376433302412	1707122	6438016	6905904	185.55
1376433303413	1708583	6641856	7216800	185.56
1376433304415	1710080	6904832	7609296	195.14
1376433305417	1711632	7121600	7929168	194.89
1376433306418	1713154	7330816	8235984	194.01
1376433307419	1714709	7511424	8519952	189.00
1376433308421	1716248	7720448	8831872	188.77
1376433309422	1717828	7941952	9154800	191.22
1376433310423	1718975	3317312	4544400	187.57
1376433311425	1720461	1754432	4808784	182.56
1376433312426	1721987	1963456	5113968	183.92
1376433313427	1723622	2164544	5417520	183.39
1376433314429	1725188	2406272	5779824	190.29
1376433315430	1726762	2650176	6145392	196.04
1376433316431	1728267	2900416	6514224	201.30
1376433317433	1729821	3093824	6810144	196.52
1376433318434	1731387	3313984	7132752	197.20
1376433319435	1732864	3500928	7423248	192.53
1376433320436	1734416	3755520	7800240	199.77
1376433321445	1735969	3987584	8149488	202.19
1376433322446	1737564	4197184	8464176	199.93
1376433323447	1739191	4370624	8710896	192.34
1376433324449	1740791	4583488	9038928	193.25
1376433325450	1742369	4782848	9334320	191.19
1376433326452	1743597	5007360	4770432	194.58
1376433327453	1745204	5187328	5043792	188.50
1376433328455	1746734	5333376	5266848	178.63
1376433329456	1748318	5527296	5551344	177.73
1376433330458	1749850	5728832	5853264	178.93
1376433331459	1751461	5953600	6191088	184.11
1376433332460	1753072	6210048	6564816	193.38
1376433333461	1754602	6395392	6855312	188.92
1376433334463	1756175	6609280	7173552	190.14
1376433335464	1757884	6795648	7440032	186.65
1376433336465	1759441	7036992	7813760	193.24
1376433337473	1761031	7282432	8182592	199.05
1376433338475	1762567	7511296	8518784	200.32
1376433339476	1764097	7690944	8786432	194.00
1376433340478	1765656	7915328	9125888	196.17
1376433341479	1767302	8112064	9424256	193.33
1376433342480	1768833	1715584	4753760	186.02
1376433343480	1770377	1930560	5076608	188.40
1376433344481	1771953	2142208	5370656	186.57
1376433345481	1773505	2323968	5649728	184.78
1376433346483	1775084	2527360	5958176	184.97
1376433347484	1776614	2763840	6286208	187.47
1376433348486	1778068	2983104	6650144	193.73
1376433349486	1779720	3193728	6956960	193.19
1376433350488	1781253	3384960	7242560	189.65
1376433351489	1782791	3573120	7531424	187.03
1376433352489	1784314	3803520	7854560	189.87
1376433353490	1785856	4010944	8182064	191.84
1376433354491	1787310	4252160	8544896	197.51
1376433355493	1788848	4424960	8792960	190.03
1376433356493	1790380	4625536	9093248	189.23
1376433357494	1791935	4815296	9375584	186.54
1376433358495	1793054	1699456	4708064	180.04
1376433359497	1794643	1918720	5055152	186.41
1376433360498	1796159	2140288	5390240	189.45
1376433361499	1797782	2330688	5668960	186.36
1376433362501	1799287	2539456	5984288	187.71
1376433363502	1800839	2718400	6248672	183.46
1376433364503	1802382	2960704	6609344	190.72
1376433365504	1803874	3191104	6956960	195.13
1376433366505	1805400	3406272	7268672	195.02
1376433367507	1806959	3573440	7529792	188.13
1376433368508	1808449	3785344	7843136	189.00
1376433369509	1810044	4006848	8177696	192.12
1376433370509	1811594	4276416	8577536	202.11
1376433371510	1813135	4500224	8913728	202.68
1376433372511	1814629	4705088	9209120	200.26
1376433373527	1815717	4844480	4522160	186.59
1376433374532	1817530	1765056	4828832	187.23
1376433375533	1819079	2006720	5191136	194.10
1376433376534	1820532	2200448	5471840	190.62
1376433377535	1822207	2311168	5639936	174.40
1376433378536	1823856	2448704	5839040	165.86
1376433379537	1825533	2592704	6059360	160.33
1376433380539	1827108	2789120	6359792	164.89
1376433381539	1828633	3024768	6694640	172.49
1376433382541	1830156	3241984	7022672	179.58
1376433383542	1831747	3411456	7287056	175.60
1376433384543	1833332	3618880	7592240	178.41
1376433385545	1834958	3806464	7866416	178.17
1376433386546	1836489	4048640	8228720	186.59
1376433387547	1837986	4284480	8571440	190.52
1376433388548	1839535	4478912	8886416	190.54
1376433389549	1841087	4667328	9160592	187.59
1376433390649	1842339	4841024	4520688	182.71
1376433391650	1843785	1784704	4839056	185.72
1376433392651	1845299	2030656	5227472	196.45
1376433393652	1846893	2213504	5496464	191.59
1376433394653	1848477	2427648	5814992	193.67
1376433395654	1850071	2612480	6091904	190.22
1376433396655	1851537	2824320	6409040	192.67
1376433397656	1853095	3065600	6758288	199.08
1376433398657	1854579	3310720	7130384	205.69
1376433399658	1856089	3481088	7389872	197.58
1376433400659	1857704	3694016	7708400	198.41
1376433401660	1859288	3881728	7989104	194.87
1376433402661	1860723	4106496	8325296	198.28
1376433403661	1862291	4343744	8669648	202.98
1376433404668	1863843	4572032	9021344	205.49
1376433405669	1865436	4730048	9252272	195.79
1376433406671	1866520	1604480	4584752	186.43
1376433407672	1868023	1808576	4880144	187.55
1376433408673	1869513	2054592	5260112	196.40
1376433409674	1871123	2278912	5590064	198.88
1376433410676	1872600	2472576	5882192	196.43
1376433411677	1874076	2644992	6135152	190.11
1376433412678	1875613	2854144	6455024	191.96
1376433413679	1877232	3083584	6796496	196.77
1376433414680	1878703	3332480	7163984	204.04
1376433415682	1880246	3525568	7456112	200.64
1376433416683	1881745	3693824	7712336	193.62
1376433417684	1883418	3876096	7982432	189.96
1376433418686	1884929	4072576	8278640	189.54
1376433419687	1886489	4308480	8606672	193.31
1376433420688	1888036	4579200	9016304	205.21
1376433421688	1889617	4749056	9280688	199.54
1376433422689	1890765	1612096	4593584	188.47
1376433423691	1892257	1808576	4893872	188.58
1376433424692	1893798	2053504	5261072	197.19
1376433425693	1895353	2298816	5625008	204.01
1376433426695	1896862	2528448	5966352	206.31
1376433427696	1898463	2715200	6243792	201.17
1376433428697	1899906	2903936	6531024	197.90
1376433429698	1901560	3107072	6821520	197.16
1376433430699	1903108	3366784	7213200	206.33
1376433431700	1904667	3604608	7573872	210.39
1376433432702	1906228	3801344	7862736	206.35
1376433433703	1907808	3996288	8163024	203.68
1376433434704	1909325	4210368	8482896	203.96
1376433435705	1910895	4430784	8814192	205.52
1376433436706	1912422	4701440	9218928	215.28
1376433437731	1913608	4847616	4516496	201.04
1376433438732	1915126	1770496	4823952	200.49
1376433439734	1916668	1962112	5124240	198.14
1376433440735	1918162	2174208	5437584	199.21
1376433441736	1919708	2430976	5825712	208.05
1376433442737	1921257	2673344	6181776	212.33
1376433443737	1922761	2850688	6449424	204.88
1376433444739	1924361	3046080	6739632	201.47
1376433445740	1925927	3246912	7033680	200.07
1376433446741	1927446	3480576	7387824	204.86
1376433447743	1929022	3715008	7730544	209.08
1376433448744	1930528	3930816	8065104	208.95
1376433449745	1932131	4115008	8336016	203.00
1376433450747	1933611	4302656	8619984	198.83
1376433451748	1935153	4518656	8933328	200.45
1376433452749	1936662	4773760	9328272	209.12
1376433453753	1937839	1649088	4659120	198.32
1376433454761	1939423	1821632	4913920	192.43
1376433455762	1940989	2012160	5196048	190.74
1376433456764	1942512	2223232	5510736	193.46
1376433457764	1944081	2443136	5830896	196.74
1376433458765	1945603	2677248	6186672	201.99
1376433459767	1947159	2874560	6480432	200.16
1376433460768	1948689	3087424	6780720	199.36
1376433461769	1950202	3266304	7064688	196.82
1376433462770	1951766	3491136	7405776	200.10
1376433463772	1953339	3731456	7763184	206.05
1376433464772	1954874	3981504	8128752	212.63
1376433465773	1956409	4162944	8406192	206.04
1376433466774	1957940	4362368	8711376	204.15
1376433467776	1959507	4567808	9006768	202.26
1376433468777	1961055	4821440	9391920	211.43
1376433469778	1962178	1735168	4783152	207.91
1376433470780	1963697	1932736	5080176	204.57
1376433471780	1965301	2129152	5365776	202.08
1376433472781	1966845	2335040	5674880	201.43
1376433473782	1968393	2525248	5963456	198.63
1376433474782	1969944	2775232	6326048	206.72
1376433475784	1971507	2992512	6658976	207.22
1376433476785	1972962	3181376	6939680	203.06
1376433477787	1974455	3384512	7249760	202.04
1376433478788	1975982	3577792	7532096	199.47
1376433479789	1977561	3789248	7851968	200.54
1376433480791	1979058	4054912	8247968	210.72
1376433481791	1980568	4262144	8558624	209.11
1376433482792	1982088	4462720	8863520	206.88
1376433483793	1983605	4651200	9131456	202.38
1376433484970	1985028	4844992	4521024	199.79
1376433485971	1987054	1821632	4907216	210.65
1376433486972	1988523	2044800	5250560	213.50
1376433487973	1990082	2242752	5542688	210.42
1376433488974	1991637	2444608	5838080	209.06
1376433489975	1993154	2642240	6128576	207.11
1376433490976	1994692	2894528	6510464	215.66
1376433491978	1996155	3137344	6871136	220.59
1376433492979	1997671	3331712	7172768	216.62
1376433493980	1999164	3523968	7460000	212.48
1376433494981	2000700	3722944	7749152	210.09
1376433495990	2002192	3934784	8072288	210.83
1376433496991	2003710	4166144	8417984	215.01
1376433497992	2005249	4389824	8746304	216.84
1376433498994	2006764	4567552	9018848	210.29
1376433499995	2008352	4748544	9284864	204.97
1376433500996	2009690	1614272	4604288	195.02
1376433501998	2011248	1870592	4974752	206.47
1376433502999	2012822	2104064	5330528	212.21
1376433504000	2014351	2295680	5609600	170.57
1376433505001	2015921	2477120	5890304	167.16
1376433506002	2017500	2681088	6193856	167.15
1376433507003	2018956	2882816	6500672	167.31
1376433508004	2020584	3121536	6846656	172.22
1376433509004	2022164	3338432	7171424	173.99
1376433510006	2023672	3520192	7452128	169.80
1376433511009	2025245	3703232	7723040	166.56
1376433512010	2026807	3915136	8036384	168.05
1376433513011	2028356	4168000	8397056	173.85
1376433514012	2029920	4396288	8755808	178.10
1376433515014	2031489	4589568	9050672	175.44
1376433516015	2033053	4782784	9333824	172.33
1376433517016	2034171	1638272	4623344	160.56
1376433518018	2035806	1857536	4968640	165.89
1376433519018	2037326	2112704	5344000	174.28
1376433520019	2038844	2346752	5699776	178.01
1376433521020	2040438	2554176	6001696	176.83
1376433522021	2041968	2758144	6316672	175.67
1376433523022	2043473	2955392	6603904	173.45
1376433524023	2045030	3209024	6979264	180.18
1376433525024	2046542	3451392	7349728	184.16
1376433526025	2048106	3655488	7646752	181.49
1376433527026	2049635	3829248	7920640	175.37
1376433528028	2051120	4034112	8227216	174.40
1376433529029	2052719	4260672	8560672	176.61
1376433530030	2054221	4523200	8949088	184.31
1376433531031	2055705	4755840	9298160	185.96
1376433532032	2057430	1615360	4606288	173.90
1376433533033	2059065	1808576	4895200	171.89
1376433534034	2060631	2013248	5205280	171.88
1376433535035	2062080	2247424	5551264	175.92
1376433536037	2063641	2521920	5952944	185.37
1376433537038	2065131	2712000	6249968	180.84
1376433538039	2066768	2922368	6551888	179.70
1376433539040	2068299	3133056	6877408	179.35
1376433540042	2069881	3366656	7217744	182.06
1376433541043	2071371	3604800	7583312	185.41
1376433542045	2072957	3793536	7862000	180.05
1376433543046	2074537	3951104	8097392	171.23
1376433544047	2076154	4160704	8407472	171.59
1376433545048	2077717	4343936	8683280	168.09
1376433546049	2079265	4575296	9030896	173.30
1376433547050	2080728	4828480	9399728	180.07
1376433548051	2081806	1679040	4702832	168.42
1376433549052	2083373	1864064	4978352	165.77
1376433550056	2084925	2076608	5300144	168.23
1376433551057	2086558	2288960	5610224	169.32
1376433552058	2088163	2557760	6014960	179.65
1376433553059	2089669	2772864	6333200	179.43
1376433554061	2091243	2978112	6640016	178.09
1376433555062	2092779	3162880	6923984	174.10
1376433556063	2094365	3368192	7225904	173.60
1376433557064	2095901	3611776	7570256	177.31
1376433558066	2097424	3860160	7957040	184.56
1376433559067	2098969	4060608	8255696	181.63
1376433560068	2100483	4251392	8536400	177.76
1376433561070	2102082	4447552	8841584	175.58
1376433562071	2103613	4684032	9176144	177.92
1376433563079	2105282	3506368	4544528	173.17
1376433564080	2106804	1811840	4893776	178.10
1376433565082	2108375	1986048	5161424	172.50
1376433566082	2109909	2161984	5425808	167.94
1376433567084	2111415	2347904	5699984	166.08
1376433568085	2112935	2619968	6085136	174.94
1376433569086	2114488	2845248	6445280	180.00
1376433570089	2116031	3046400	6746096	178.19
1376433571090	2117566	3226432	7017008	173.51
1376433572091	2119128	3441664	7325456	174.78
1376433573092	2120597	3653632	7655120	175.70
1376433574094	2122120	3904960	8028560	182.15
1376433575095	2123739	4127616	8358512	182.82
1376433576096	2125294	4319360	8649008	179.72
1376433577097	2126859	4518912	8947664	177.76
1376433578098	2128401	4727232	9252848	177.26
1376433579102	2130049	1597504	4581776	168.87
1376433580103	2131584	1837952	4937840	174.25
1376433581103	2133082	2018688	5210384	170.57
1376433582105	2134572	2213568	5505776	169.72
1376433583106	2136208	2412864	5799536	169.27
1376433584107	2137753	2658624	6156944	176.46
1376433585109	2139258	2893440	6512192	180.33
1376433586109	2140787	3126400	6863600	183.21
1376433587111	2142349	3310720	7134160	177.83
1376433588112	2143976	3514112	7439696	177.25
1376433589113	2145525	3720320	7746512	177.16
1376433590114	2147078	3978304	8134928	184.74
1376433591116	2148633	4203328	8474384	185.98
1376433592117	2150169	4396096	8759984	181.38
1376433593117	2151756	4595840	9055872	178.97
1376433594119	2153304	4815744	9388304	180.99
1376433595120	2154404	1683264	4707440	171.83
1376433596121	2155905	1935744	5086352	179.76
1376433597122	2157472	2140800	5392880	178.55
1376433598122	2159090	2321536	5662448	174.35
1376433599123	2160636	2542080	5971712	174.84
1376433600124	2162290	2762432	6310352	178.94
1376433601125	2163845	2990912	6654704	181.51
1376433602125	2165307	3237696	7031696	186.48
1376433603127	2166938	3421120	7295024	181.19
1376433604130	2168445	3633408	7602896	178.85
1376433605135	2170007	3828864	7909712	178.49
1376433606136	2171512	4065792	8270096	183.33
1376433607137	2173127	4301888	8611472	186.29
1376433608138	2174655	4533696	8955824	188.08
1376433609139	2176241	4703936	9219680	180.55
1376433610211	2177362	4848768	4522768	169.93
1376433611214	2178840	1769152	4836816	171.25
1376433612214	2180466	2010816	5200464	178.55
1376433613216	2182086	2236096	5533680	181.22
1376433614216	2183648	2448320	5851920	181.39
1376433615218	2185160	2631808	6119568	177.23
1376433616219	2186743	2862912	6469040	181.38
1376433617220	2188333	3085312	6793808	183.17
1376433618221	2189823	3329792	7169168	189.22
1376433619221	2191322	3536256	7480880	187.25
1376433620221	2192939	3733312	7771376	184.18
1376433621223	2194492	3923520	8053712	181.10
1376433622224	2196071	4143104	8380112	182.60
1376433623226	2197664	4347136	8690160	181.68
1376433624227	2199243	4535360	8962736	177.74
1376433625228	2200723	4731456	9258128	176.61
1376433626229	2201905	4312960	4535120	163.04
1376433627230	2203540	1795456	4874576	168.98
1376433628231	2205092	2049088	5253200	178.26
1376433629233	2206666	2265600	5579312	180.00
1376433630233	2208170	2516800	5946800	187.32
1376433631235	2209632	2760320	6315632	191.67
1376433632236	2211174	3035264	6724976	200.33
1376433633237	2212723	3272128	7079984	201.54
1376433634238	2214254	3535296	7469456	206.59
1376433635239	2215827	3761280	7807280	204.67
1376433636241	2217260	4025472	8210384	209.37
1376433637242	2218856	4272128	8572688	210.57
1376433638243	2220402	4525504	8951312	212.03
1376433639244	2221947	4758976	9308720	210.60
1376433640246	2223148	1676352	4693424	204.49
1376433641247	2224664	1897024	5023088	202.21
1376433642249	2226134	2166400	5421296	207.24
1376433643249	2227751	2375552	5733008	203.13
1376433644250	2229228	2647616	6145904	209.29
1376433645251	2230796	2903808	6519632	212.07
1376433646252	2232432	3177856	6924368	215.59
1376433647252	2234022	3401344	7263824	213.44
1376433648254	2235484	3666560	7665296	216.58
1376433649255	2237099	3899264	8017808	214.60
1376433650256	2238579	4159104	8409488	216.99
1376433651258	2240123	4395584	8758736	215.05
1376433652258	2241657	4665088	9156944	218.84
1376433653260	2242760	4510912	4536752	206.39
1376433654264	2244403	1695104	4717904	189.08
1376433655265	2245826	1871872	4990448	183.18
1376433656266	2247317	2078720	5302160	183.04
1376433657267	2248845	2341824	5664464	189.28
1376433658268	2250375	2592320	6062672	196.61
1376433659268	2251933	2855104	6456800	202.52
1376433660269	2253400	3074816	6782384	199.95
1376433661271	2254985	3331264	7157744	204.65
1376433662272	2256502	3585728	7547792	207.94
1376433663273	2257952	3823808	7898672	208.39
1376433664274	2259477	4081152	8280560	211.11
1376433665275	2261057	4270912	8577584	203.73
1376433666277	2262569	4471040	8866448	197.99
1376433667278	2264154	4693568	9199840	198.17
1376433668279	2265781	1602304	4582448	191.77
1376433669280	2267365	1846848	4949648	195.94
1376433670281	2268967	2102016	5321744	200.98
1376433671282	2270488	2342016	5682416	202.92
1376433672284	2271996	2611008	6090416	209.02
1376433673285	2273580	2853248	6447824	209.73
1376433674286	2275125	3103616	6818288	211.55
1376433675287	2276754	3352128	7196912	212.66
1376433676288	2278283	3621120	7597504	216.93
1376433677289	2279784	3839168	7931312	212.57
1376433678291	2281322	4088576	8290352	213.82
1376433679292	2282829	4355968	8677136	215.77
1376433680294	2284345	4616640	9088400	220.00
1376433681295	2285837	4834048	9419168	215.09
1376433682296	2286960	1761792	4821488	210.31
1376433683297	2288479	2014528	5201904	212.64
1376433684298	2290033	2290368	5613168	218.01
1376433685300	2291530	2503232	5933040	212.74
1376433686301	2293163	2766336	6319824	216.32
1376433687302	2294743	2988416	6659824	213.16
1376433688303	2296335	3252928	7047696	216.77
1376433689305	2297828	3508800	7431216	218.30
1376433690306	2299356	3766592	7826160	220.27
1376433691307	2300969	3998080	8168880	217.09
1376433692308	2302534	4258688	8552400	219.16
1376433693309	2304037	4512192	8938896	220.30
1376433694310	2305569	4786048	9340656	224.02
1376433695311	2307218	1682624	4712304	213.04
1376433696312	2308739	1936192	5092560	215.10
1376433697313	2310268	2173248	5435280	213.80
1376433698315	2311744	2413952	5800848	213.42
1376433699315	2313228	2660032	6158256	214.33
1376433700316	2314725	2913088	6541776	216.41
1376433701318	2316224	3146880	6900816	214.92
1376433702319	2317768	3417792	7302288	219.53
1376433703320	2319248	3653504	7651536	217.44
1376433704320	2320810	3907840	8033424	218.82
1376433705321	2322285	4147840	8389200	217.87
1376433706328	2323848	4416384	8777616	220.23
1376433707329	2325357	4649472	9141552	219.56
1376433708330	2326512	4843648	4539312	209.94
1376433709331	2328050	1815296	4911120	212.23
1376433710333	2329561	2064128	5276976	213.70
1376433711333	2331081	2312832	5649072	214.76
1376433712334	2332633	2559744	6019536	215.87
1376433713335	2334182	2792064	6363888	213.81
1376433714336	2335754	3052864	6752304	217.54
1376433715337	2337229	3263808	7075440	212.39
1376433716338	2338763	3520128	7452432	214.56
1376433717339	2340288	3758336	7803312	214.65
1376433718340	2341753	4004800	8183040	215.87
1376433719342	2343338	4228480	8509680	213.06
1376433720343	2344860	4488320	8902992	216.53
1376433721343	2346348	4739776	9280272	218.07
1376433722344	2347509	1645696	4653552	210.01
1376433723344	2349067	1912896	5048496	215.01
1376433724346	2350550	2166144	5432016	216.95
1376433725347	2352095	2373952	5744784	211.34
1376433726348	2353608	2635904	6135120	215.39
1376433727349	2355096	2892288	6520560	218.04
1376433728350	2356649	3166336	6922032	222.28
1376433729352	2358239	3397760	7275648	219.87
1376433730353	2359758	3639680	7635216	218.91
1376433731355	2361295	3885312	7992624	218.80
1376433732356	2362860	4157888	8412048	223.52
1376433733363	2364344	4395968	8764032	221.06
1376433734364	2365887	4654784	9149712	223.31
1376433735388	2367045	4844480	4534528	212.10
1376433736389	2368520	1809472	4899696	213.43
1376433737389	2370050	2054400	5260656	214.78
1376433738390	2371606	2315712	5653968	218.53
1376433739391	2373098	2549312	5993424	216.90
1376433740392	2374650	2787328	6356480	216.38
1376433741393	2376212	3016704	6698448	213.86
1376433742394	2377731	3284416	7099632	219.24
1376433743395	2379295	3537984	7478544	220.87
1376433744396	2380850	3815616	7888176	226.09
1376433745397	2382350	4033024	8223840	221.28
1376433746397	2383946	4250240	8537712	216.35
1376433747398	2385514	4502528	8921232	218.58
1376433748400	2387041	4760064	9299856	221.10
1376433749401	2388392	1647872	4658448	209.52
1376433750402	2389899	1890048	5022384	211.17
1376433751404	2391561	2123456	5366448	211.23
1376433752404	2393084	2383936	5748624	215.85
1376433753405	2394619	2636544	6135408	218.26
1376433754406	2396170	2876352	6481392	217.59
1376433755407	2397717	3114944	6848304	217.47
1376433756408	2399251	3322752	7159248	211.17
1376433757410	2400836	3517952	7447536	205.12
1376433758412	2402390	3740864	7783728	204.79
1376433759412	2403958	3980864	8139504	207.02
1376433760413	2405455	4245888	8537712	213.31
1376433761414	2406915	4472896	8882064	211.61
1376433762415	2408468	4742016	9270480	217.05
1376433763416	2409778	1625024	4622544	205.20
1376433764417	2411314	1879040	4991376	209.46
1376433765418	2412754	2102656	5329200	208.61
1376433766420	2414244	2364096	5727408	213.70
1376433767421	2415796	2603328	6079920	214.18
1376433768422	2417276	2862144	6461808	217.37
1376433769423	2418764	3124480	6860016	221.31
1376433770424	2420290	3393152	7259856	225.37
1376433771426	2421874	3633600	7615632	223.70
1376433772427	2423363	3889536	8004048	225.02
1376433773428	2424924	4116736	8345136	221.51
1376433774429	2426459	4380352	8736816	224.83
1376433775430	2428013	4613632	9089328	222.76
1376433776629	2429462	4850240	4527824	221.39
1376433777631	2430977	1809408	4886928	222.62
1376433778632	2432447	2061952	5275344	225.73
1376433779632	2434025	2306176	5634384	226.40
1376433780633	2435518	2572800	6037488	230.44
1376433781634	2437188	2815168	6393264	229.97
1376433782635	2438695	3078400	6794208	233.64
1376433783636	2440302	3285824	7103184	227.40
1376433784637	2441829	3537280	7470384	228.56
1376433785638	2443372	3762944	7814736	225.77
1376433786639	2444880	4012992	8191728	228.22
1376433787639	2446404	4249024	8534448	227.33
1376433788640	2447913	4500096	8916336	229.24
1376433789642	2449434	4722816	9249264	225.82
1376433790643	2450808	1614144	4606224	213.77
1376433791644	2452310	1842048	4942416	214.12
1376433792645	2453821	2093952	5311248	218.39
1376433793646	2455318	2325696	5645808	216.79
1376433794648	2456855	2570496	6035856	221.65
1376433795649	2458435	2813568	6395872	223.24
1376433796651	2459894	3084480	6783312	227.35
1376433797651	2461394	3305920	7134192	226.27
1376433798652	2462978	3569344	7524240	230.06
1376433799653	2464467	3804096	7878384	229.28
1376433800654	2465957	4057600	8260272	231.38
1376433801654	2467535	4283520	8593200	228.41
1376433802655	2469030	4554112	8997408	233.61
1376433803657	2470561	4795072	9363216	233.24
1376433804658	2472199	1700096	4722096	221.53
1376433805659	2473665	1933568	5082768	223.03
1376433806661	2475143	2193728	5464656	226.72
1376433807662	2476611	2424384	5818800	225.90
1376433808663	2478168	2663680	6174048	226.07
1376433809664	2479767	2906688	6538512	226.85
1376433810665	2481300	3177728	6941040	232.23
1376433811665	2482923	3399168	7274544	228.77
1376433812666	2484510	3670784	7677648	233.84
1376433813667	2485998	3921600	8056272	235.02
1376433814669	2487521	4180160	8439792	236.72
1376433815670	2489038	4430400	8814864	236.89
1376433816672	2490566	4703808	9221520	241.20
1376433817673	2491747	4849856	4539312	222.25
1376433818674	2493296	1811584	4899984	224.09
1376433819676	2494933	2047808	5254128	224.21
1376433820676	2496302	2293184	5622960	225.66
1376433821677	2497995	2538944	5977104	226.91
1376433822678	2499453	2787648	6360624	229.10
1376433823679	2501018	3022656	6708240	227.76
1376433824680	2502531	3259456	7064016	227.77
1376433825681	2504165	3495168	7414896	226.67
1376433826682	2505613	3755072	7786992	228.36
1376433827683	2507159	3975488	8121552	226.22
1376433828684	2508703	4215616	8480592	227.53
1376433829685	2510178	4438336	8826576	224.73
1376433830686	2511761	4705472	9213360	229.79
1376433831687	2512881	2118656	4567056	216.47
1376433832688	2514446	1856448	4966608	223.43
1376433833689	2515992	2086272	5301456	222.70
1376433834690	2517545	2323776	5661840	222.94
1376433835691	2519041	2562112	6022800	223.96
1376433836692	2520554	2826176	6406320	228.86
1376433837692	2522107	3050112	6744144	226.29
1376433838693	2523608	3299584	7122768	228.60
1376433839694	2525097	3523264	7458960	226.21
1376433840695	2526630	3765184	7819104	227.16
1376433841697	2528150	3994176	8160720	225.79
1376433842698	2529684	4270272	8574960	232.87
1376433843699	2531280	4515968	8939184	233.33
1376433844700	2532750	4766592	9312912	234.43
1376433845701	2533899	1660160	4651920	220.30
1376433846701	2535420	1900096	5032176	224.01
1376433847702	2536964	2147648	5389584	226.25
1376433848703	2538494	2419584	5795952	232.30
1376433849704	2539984	2648256	6151728	230.78
1376433850705	2541512	2899264	6518928	232.10
1376433851705	2542998	3127616	6860016	229.54
1376433852707	2544468	3391552	7261488	234.39
1376433853708	2546062	3636288	7623504	234.17
1376433854709	2547532	3886464	7999152	235.04
1376433855710	2549101	4149568	8374512	236.06
1376433856710	2550626	4401984	8758032	238.73
1376433857712	2552123	4624832	9102384	234.59
1376433858865	2553450	4850176	4529312	231.54
1376433859867	2554948	1810880	4891824	232.57
1376433860868	2556451	2050368	5259024	233.73
1376433861869	2558017	2296768	5619696	235.49
1376433862871	2559496	2564672	6021168	240.57
1376433863872	2560973	2817792	6396720	241.91
1376433864873	2562412	3062720	6770128	241.99
1376433865874	2563948	3304960	7130800	241.26
1376433866876	2565482	3573504	7510768	243.67
1376433867880	2567007	3794944	7860480	241.14
1376433868881	2568544	4055552	8247264	244.69
1376433869882	2570066	4311936	8633728	246.41
1376433870883	2571577	4547456	8989296	244.33
1376433871884	2573060	4823808	9384768	247.17
1376433872886	2574169	1702528	4735200	232.64
1376433873887	2575712	1955584	5115456	235.67
1376433874888	2577229	2177344	5446752	232.72
1376433875889	2578734	2418304	5799264	233.72
1376433876890	2580208	2662016	6159936	234.72
1376433877893	2581723	2904128	6532032	236.23
1376433878894	2583267	3158016	6910656	238.57
1376433879895	2584836	3421184	7294176	242.73
1376433880896	2586266	3667840	7669728	243.30
1376433881897	2587760	3923520	8056320	245.51
1376433882898	2589249	4167936	8421856	245.01
1376433883899	2590846	4420800	8801616	246.16
1376433884899	2592386	4660416	9146496	244.65
1376433886075	2593780	4848000	4534928	191.46
1376433887075	2595903	1816192	4898400	193.83
1376433888076	2597418	2068736	5280288	197.77
1376433889077	2598872	2309824	5647488	198.67
1376433890078	2600384	2563072	6024480	201.14
1376433891079	2601934	2813760	6399840	203.08
1376433892080	2603448	3076928	6791520	206.33
1376433893081	2605014	3319232	7150560	205.66
1376433894082	2606557	3584128	7548768	209.02
1376433895083	2608128	3836224	7920864	209.41
1376433896085	2609667	4089472	8307648	210.57
1376433897086	2611158	4319680	8638944	207.44
1376433898087	2612685	4570880	9028992	208.53
1376433899088	2614317	4787904	9343968	203.93
1376433900090	2615961	1687744	4718880	194.49
1376433901091	2617473	1906624	5035488	192.31
1376433902092	2618959	2168448	5436960	197.76
1376433903093	2620450	2409984	5794080	198.56
1376433904094	2622033	2669120	6177888	202.24
1376433905095	2623612	2927296	6541824	203.22
1376433906096	2625172	3165568	6920448	204.86
1376433907097	2626711	3409984	7274592	204.91
1376433908098	2628210	3638400	7630080	203.19
1376433909099	2629678	3883648	7989408	203.07
1376433910100	2631186	4113024	8328864	201.92
1376433911101	2632632	4351360	8689008	201.77
1376433912103	2634193	4598848	9056736	202.98
1376433913404	2635744	4854976	4532816	206.30
1376433914405	2637262	1828288	4909824	210.47
1376433915406	2638834	2072128	5275392	212.75
1376433916407	2640326	2346752	5698080	219.02
1376433917408	2641868	2572800	6032640	215.78
1376433918408	2643400	2834752	6406368	218.49
1376433919409	2644937	3045568	6739296	214.58
1376433920410	2646505	3314304	7134240	219.52
1376433921411	2648042	3546752	7491360	218.58
1376433922412	2649597	3820480	7894752	223.79
1376433923413	2651144	4027840	8210832	218.00
1376433924414	2652625	4273152	8575008	218.40
1376433925415	2654117	4530624	8937600	219.07
1376433926416	2655637	4796352	9357024	225.19
1376433927417	2656715	1678784	4699296	212.27
1376433928419	2658278	1932864	5073024	215.62
1376433929420	2659778	2180608	5448384	217.59
1376433930421	2661291	2439616	5838432	220.58
1376433931422	2662919	2654848	6135456	213.57
1376433932423	2664400	2876160	6487152	213.36
1376433933424	2665967	3125824	6850272	216.04
1376433934425	2667489	3390848	7246848	220.24
1376433935426	2669019	3608128	7584672	216.57
1376433936427	2670505	3859328	7938816	216.42
1376433937428	2672055	4086592	8301120	216.76
1376433938428	2673599	4337728	8672928	218.68
1376433939429	2675133	4561280	9009408	215.93
1376433940430	2676613	4801408	9358656	215.80
1376433941431	2677672	4972736	4727040	206.49
1376433942432	2679211	5213760	5081184	208.51
1376433943434	2680755	5435968	5414112	207.62
1376433944436	2682304	5694464	5803872	212.29
1376433945437	2683846	5939008	6168096	214.56
1376433946438	2685354	6210432	6572832	220.23
1376433947439	2686959	6457664	6948192	221.61
1376433948440	2688480	6720128	7336608	224.28
1376433949441	2689963	6949248	7684224	221.62
1376433950441	2691575	7193600	8043264	221.00
1376433951442	2693101	7427136	8395776	220.12
1376433952443	2694623	7697856	8790720	224.70
1376433953444	2696134	7945088	9166080	224.80
1376433954445	2697717	8099712	9397824	209.88
1376433955447	2698562	1634944	4629120	186.53
1376433956448	2700152	1881536	4980000	191.37
1376433957451	2701759	2089408	5303136	192.67
1376433958452	2703284	2357824	5708976	201.85
1376433959453	2704883	2601536	6073440	205.35
1376433960455	2706407	2851200	6447168	209.54
1376433961456	2707956	3081600	6783360	209.11
1376433962457	2709476	3339200	7171776	214.00
1376433963458	2711031	3578432	7525920	214.88
1376433964458	2712529	3841664	7929024	219.69
1376433965459	2714024	4077376	8278272	218.59
1376433966460	2715520	4345088	8674848	223.36
1376433967461	2717080	4565696	9002880	219.21
1376433968462	2718522	4835072	9394560	221.85
1376433969463	2719607	1671936	4686240	203.68
1376433970464	2721131	1926208	5063232	208.72
1376433971465	2722658	2145344	5384736	207.19
1376433972466	2724182	2396864	5771520	211.35
1376433973470	2725735	2632576	6122976	212.11
1376433974471	2727260	2894336	6515136	217.16
1376433975472	2728775	3140032	6874752	218.05
1376433976473	2730270	3380160	7240320	219.15
1376433977474	2731843	3628416	7608624	220.33
1376433978475	2733361	3895104	8000832	224.55
1376433979476	2734854	4130688	8362848	223.28
1376433980477	2736432	4396608	8756448	227.16
1376433981478	2737967	4632064	9105696	225.14
1376433982623	2739239	4855552	4528256	221.49
1376433983628	2740809	1821760	4872256	219.89
1376433984629	2742285	2055680	5262336	224.44
1376433985630	2743794	2296768	5614848	224.78
1376433986632	2745313	2547840	5996736	227.25
1376433987633	2746927	2767552	6316608	223.62
1376433988634	2748503	2986816	6646272	220.10
1376433989635	2750040	3231360	7002048	221.85
1376433990635	2751563	3488128	7388832	225.73
1376433991637	2753049	3726528	7747872	225.68
1376433992638	2754594	3987392	8131392	229.25
1376433993639	2756122	4241920	8500224	229.79
1376433994640	2757616	4483264	8886432	231.59
1376433995641	2759133	4710784	9223200	229.01
1376433996641	2760184	4515712	4542624	212.69
1376433997642	2761714	1839744	4926144	219.23
1376433998644	2763220	2113408	5335776	226.65
1376433999645	2764733	2351552	5681760	225.74
1376434000645	2766265	2629120	6110976	233.48
1376434001646	2767773	2848512	6437808	229.16
1376434002648	2769306	3112960	6838560	232.91
1376434003649	2770804	3361472	7191360	231.75
1376434004649	2772327	3598592	7556928	232.55
1376434005651	2773794	3822144	7898016	229.20
1376434006652	2775385	4073664	8261952	230.45
1376434007653	2776888	4289600	8589984	226.01
1376434008655	2778392	4546048	8981312	229.27
1376434009656	2779982	4754112	9290112	224.29
1376434010656	2781665	1647616	4645440	212.48
1376434011657	2783196	1882176	4994688	214.19
1376434012658	2784711	2129728	5370048	218.55
1376434013660	2786284	2352000	5688288	217.71
1376434014661	2787790	2592576	6061488	219.87
1376434015662	2789370	2827392	6398208	218.98
1376434016663	2790927	3079168	6775200	223.53
1376434017664	2792399	3305984	7113024	222.86
1376434018665	2793921	3547264	7483984	223.70
1376434019666	2795433	3769216	7815888	220.94
1376434020667	2797020	4034496	8212992	226.47
1376434021668	2798552	4272640	8558976	226.39
1376434022669	2800051	4521856	8940864	228.25
1376434023670	2801592	4774464	9316224	230.50
1376434024672	2802939	1685888	4696032	221.40
1376434025673	2804482	1894144	5017536	217.64
1376434026674	2806019	2135360	5373312	219.37
1376434027675	2807554	2384896	5745408	222.82
1376434028676	2809162	2665536	6164832	230.98
1376434029677	2810719	2879104	6487968	226.19
1376434030678	2812251	3147968	6886176	231.49
1376434031679	2813813	3369472	7217472	228.08
1376434032680	2815245	3625792	7594464	230.45
1376434033681	2816862	3835392	7906176	225.21
1376434034682	2818358	4086336	8291328	227.14
1376434035683	2819882	4317824	8642208	226.96
1376434036684	2821354	4565760	9012672	228.46
1376434037685	2822873	4803328	9357024	228.00
1376434038686	2823844	1689216	4713984	216.22
1376434039687	2825390	1912768	5045280	215.80
1376434040689	2826976	2193088	5450016	223.49
1376434041690	2828498	2403200	5773152	220.49
1376434042691	2830055	2677632	6174624	227.68
1376434043692	2831633	2909056	6523872	226.25
1376434044693	2833135	3157312	6899232	228.19
1376434045693	2834736	3422528	7289280	232.33
1376434046695	2836197	3686976	7685856	236.06
1376434047696	2837696	3911872	8028576	232.86
1376434048697	2839281	4165440	8400672	233.62
1376434049698	2840800	4405504	8770848	234.19
1376434050699	2842398	4638016	9108960	231.98
1376434051944	2843808	4853888	4533344	227.28
1376434052944	2845581	1831040	4914720	231.85
1376434053945	2847070	2075968	5283552	234.89
1376434054947	2848627	2323584	5656992	237.50
1376434055948	2850138	2575296	6032640	240.12
1376434056948	2851675	2824576	6401472	241.45
1376434057949	2853225	3059136	6744192	240.21
1376434058949	2854777	3330816	7150560	245.31
1376434059951	2856301	3591232	7548768	249.13
1376434060952	2857806	3835328	7902912	247.74
1376434061953	2859332	4098304	8299488	250.70
1376434062953	2860855	4339520	8668320	249.48
1376434063954	2862347	4574336	9022464	246.95
1376434064956	2863944	4824832	9389664	247.46
1376434065957	2865673	1705280	4722144	231.97
1376434066958	2867188	1935616	5077920	232.41
1376434067959	2868669	2170112	5432064	232.92
1376434068961	2870241	2419328	5798976	235.30
1376434069962	2871781	2673984	6184416	239.52
1376434070963	2873307	2926208	6559488	241.67
1376434071964	2874790	3191872	6944928	245.77
1376434072965	2876316	3416832	7284384	242.37
1376434073966	2877772	3678016	7683936	246.34
1376434074967	2879273	3937664	8066112	248.73
1376434075968	2880788	4189632	8448000	249.82
1376434076969	2882279	4441344	8823360	250.25
1376434077971	2883781	4695488	9195456	251.03
1376434078972	2884773	4180352	4547520	235.35
1376434079973	2886357	1824512	4906560	237.10
1376434080974	2887908	2082560	5278656	239.31
1376434081976	2889417	2328000	5657280	242.31
1376434082977	2890930	2570752	6029088	243.01
1376434083980	2892473	2816576	6391392	243.76
1376434084982	2893986	3030336	6711552	238.75
1376434085983	2895536	3290624	7103232	242.73
1376434086984	2897057	3536064	7470432	243.82
1376434087986	2898582	3752320	7795200	239.22
1376434088986	2900161	4007040	8165664	242.19
1376434089986	2901613	4236288	8516544	240.34
1376434090987	2903205	4503488	8909856	245.30
1376434091988	2904668	4759104	9293376	247.69
1376434092989	2905703	1640000	4632384	232.68
1376434093990	2907198	1886528	4997952	235.36
1376434094991	2908665	2122112	5358624	236.12
1376434095992	2910212	2388736	5743776	241.48
1376434096993	2911707	2641216	6128928	244.00
1376434097994	2913260	2909760	6528768	248.86
1376434098995	2914742	3157248	6887808	247.84
1376434099995	2916271	3400640	7255008	248.61
1376434100997	2917808	3634368	7615680	246.50
1376434101998	2919414	3885696	7986144	247.42
1376434102999	2920947	4146560	8382144	205.12
1376434104001	2922475	4399680	8762976	206.09
1376434105002	2923940	4645312	9122016	205.29
1376434106153	2925191	4854912	4534384	199.51
1376434107154	2926655	1800576	4877184	198.49
1376434108155	2928224	2070528	5280288	204.63
1376434109156	2929790	2298496	5615952	202.83
1376434110157	2931328	2559872	6003264	206.41
1376434111158	2932782	2772800	6323136	201.59
1376434112160	2934332	3022912	6690336	204.38
1376434113161	2935747	3260032	7058880	204.48
1376434114161	2937283	3515584	7437792	207.47
1376434115163	2938764	3757632	7803360	207.45
1376434116164	2940218	4009728	8178720	208.92
1376434117166	2941817	4242368	8518176	207.14
1376434118167	2943394	4503296	8909856	210.07
1376434119168	2944985	4724288	9246048	206.81
1376434120170	2946034	1601280	4580160	194.66
1376434121171	2947555	1849536	4947360	197.45
1376434122172	2949044	2094592	5314560	200.12
1376434123173	2950553	2333056	5671968	200.86
1376434124174	2952121	2605312	6079392	206.82
1376434125175	2953707	2829440	6401472	204.38
1376434126176	2955255	3061376	6758880	202.90
1376434127177	2956845	3311488	7134240	205.58
1376434128180	2958387	3582592	7535712	210.39
1376434129182	2959945	3825984	7901280	210.22
1376434130183	2961461	4076864	8279904	211.35
1376434131184	2963014	4313536	8632416	209.91
1376434132185	2964548	4543616	8978112	207.65
1376434133186	2966136	4792320	9342336	208.26
1376434134187	2967119	1679168	4692768	197.01
1376434135188	2968733	1919296	5053088	198.54
1376434136190	2970289	2166784	5417376	201.32
1376434137191	2971801	2408640	5784576	202.83
1376434138192	2973396	2670784	6176256	206.86
1376434139194	2974967	2895360	6510816	204.26
1376434140194	2976531	3149824	6889440	206.67
1376434141197	2978131	3397376	7256640	207.72
1376434142199	2979593	3640832	7630368	208.43
1376434143200	2981247	3893184	8000832	209.85
1376434144200	2982735	4136768	8371008	210.36
1376434145201	2984226	4377280	8728704	209.76
1376434146202	2985754	4628416	9104064	211.17
1376434147498	2987302	4851840	4530848	207.97
1376434148499	2988921	1831040	4909824	212.41
1376434149500	2990402	2071616	5283552	214.03
1376434150501	2991937	2317056	5650752	216.28
1376434151502	2993532	2548800	5988576	215.58
1376434152503	2995058	2812736	6385152	220.44
1376434153504	2996569	3040064	6729216	219.14
1376434154505	2998080	3307968	7127136	224.14
1376434155506	2999593	3564480	7506336	226.18
1376434156507	3001172	3826560	7902624	229.10
1376434157508	3002725	4068736	8265216	228.08
1376434158508	3004237	4333952	8663424	230.89
1376434159509	3005768	4565504	8999616	227.47
1376434160510	3007310	4811648	9373344	227.59
1376434161510	3007701	1592576	4558944	197.30
1376434162511	3009181	1861504	4966368	205.95
1376434163512	3010667	2105792	5333856	209.49
1376434164513	3012191	2361600	5717664	214.56
1376434165514	3013749	2586432	6047328	213.15
1376434166515	3015316	2852608	6451776	219.20
1376434167516	3016923	3091392	6799680	219.02
1376434168517	3018459	3342272	7184544	222.10
1376434169523	3020009	3543936	7486224	215.54
1376434170524	3021473	3790080	7852320	217.59
1376434171525	3023072	4003776	8170032	213.61
1376434172526	3024603	4267008	8563344	219.19
1376434173527	3026154	4503744	8916384	219.14
1376434174528	3027639	4764288	9307776	223.52
1376434175577	3028263	4854016	4533008	196.10
1376434176578	3030376	1841920	4940544	206.22
1376434177579	3031865	2084672	5301504	209.94
1376434178580	3033393	2357056	5699712	218.19
1376434179581	3034870	2591744	6052224	218.55
1376434180582	3036426	2857280	6448800	223.69
1376434181583	3038008	3087872	6789888	222.30
1376434182584	3039504	3334272	7168512	223.89
1376434183585	3041042	3572160	7519392	223.97
1376434184586	3042556	3816192	7886592	224.71
1376434185588	3044089	4052032	8239104	224.27
1376434186589	3045648	4322176	8646576	229.74
1376434187590	3047193	4534272	8958816	224.43
1376434188590	3048708	4792000	9337440	227.61
1376434189592	3050110	1642176	4635648	207.56
1376434190593	3051634	1911680	5043648	215.73
1376434191594	3053119	2152576	5399424	217.38
1376434192595	3054653	2413120	5792736	222.39
1376434193596	3056164	2651456	6145248	222.48
1376434194598	3057691	2879424	6481440	220.94
1376434195600	3059286	3125184	6856800	223.05
1376434196601	3060858	3367552	7219104	224.57
1376434197602	3062398	3604416	7568352	223.85
1376434198603	3063887	3858496	7955136	226.69
