Timestamp	Compilation Time	Code Cache Size	Perm Gen Size	Invocations/s
1376435309027	1669	903104	5186200	72.80
1376435310031	3623	1448000	6131864	133.55
1376435311032	5580	2005056	7072152	190.96
1376435312032	7566	2483328	7794960	220.60
1376435313033	9526	3032128	8835888	275.90
1376435314033	11488	3571072	9727496	304.95
1376435315034	13440	4153728	10717080	343.16
1376435316034	15399	4717952	11874448	382.41
1376435317035	17339	5283136	12943200	405.91
1376435318035	19293	5848320	14071208	434.99
1376435319036	21247	6432192	15199976	462.86
1376435320036	23210	7019264	16293120	475.85
1376435321037	25158	7551552	17128960	468.89
1376435322037	27078	8097344	18258304	485.78
1376435323038	29020	8664512	19383296	501.25
1376435324038	30960	9229184	20513424	513.35
1376435325038	32928	9799616	21590544	523.90
1376435326039	34873	10344448	22730768	528.93
1376435327039	36810	10893312	23805712	533.78
1376435328040	38769	11466240	24946440	541.22
1376435329040	40581	11983744	26006632	441.23
1376435330040	42525	12552384	26936888	432.35
1376435331041	43959	12976576	27633440	408.67
1376435332044	46444	13573184	28680688	412.24
1376435333048	48372	14128640	29782536	419.53
1376435334049	50310	14701888	30920296	427.79
1376435335049	52275	15255808	32023816	434.27
1376435336049	54196	15809664	33090056	438.22
1376435337050	56129	16369984	34209304	441.49
1376435338050	58031	16894336	35257352	441.75
1376435339051	59967	17452544	36364936	445.41
1376435340051	61913	18018688	37483400	450.03
1376435341053	63845	18577280	38619272	450.84
1376435342053	65365	19024192	39546248	440.84
1376435343054	65365	19024192	39972744	390.64
1376435344054	65365	19024192	40318760	346.43
1376435345055	65365	19024192	40708544	314.85
1376435346055	65365	19024192	41093696	289.36
1376435347056	65365	19024192	41537888	269.32
1376435348056	65365	19024192	41920864	249.69
1376435349056	65365	19024192	42349536	237.95
1376435350057	65365	19024192	42727840	221.35
1376435351057	65365	19024192	43121696	210.70
1376435352059	65365	19024192	43537440	203.34
1376435353060	65365	19024192	43881248	195.65
1376435354060	65365	19024192	44266400	186.87
1376435355061	65365	19024192	44662432	184.75
1376435356061	65365	19024192	45095456	181.93
1376435357062	65365	19024192	45434976	178.26
1376435358062	65365	19024192	45841888	172.48
1376435359063	65365	19024192	46301024	177.89
1376435360063	65365	19024192	46660064	175.28
1376435361064	65365	19024192	47095264	172.38
1376435362064	65365	19024192	47478240	169.79
1376435363065	65365	19024192	47804640	164.90
1376435364065	65365	19024192	48250720	168.30
1376435365066	65365	19024192	48624992	167.14
1376435366066	65365	19024192	49001440	163.86
1376435367067	65365	19024192	49432288	167.85
1376435368068	65365	19024192	49802208	164.44
1376435369069	65365	19024192	50228704	167.38
1376435370070	65365	19024192	50620384	166.35
1376435371071	65365	19024192	50979424	166.89
1376435372071	65365	19024192	51421152	166.44
1376435373072	65365	19024192	51801952	164.93
1376435374072	65365	19024192	52206688	166.54
1376435375073	65365	19024192	52640736	168.88
1376435376073	65365	19024192	52987872	164.30
1376435377074	65365	19024192	53377376	164.38
1376435378075	65365	19024192	53740768	161.27
1376435379076	65365	19024192	54147680	167.62
1376435380076	65365	19024192	54593032	167.15
1376435381077	65365	19024192	54986888	166.00
1376435382077	65365	19024192	55389448	168.93
1376435383078	65365	19024192	55752840	166.67
1376435384079	65365	19024192	56216496	168.22
1376435385080	65365	19024192	56613328	173.04
1376435386080	65365	19024192	57028944	171.82
1376435387081	65365	19024192	57444560	173.93
1376435388081	65365	19024192	57807952	166.80
1376435389082	65365	19024192	58199632	166.27
1376435390082	65365	19024192	58647888	171.48
1376435391083	65365	19024192	59037720	171.58
1376435392083	65365	19024192	59446808	169.69
1376435393084	65365	19024192	59834136	168.84
1376435394084	65365	19024192	60240856	171.37
1376435395085	65365	19024192	60639256	172.38
1376435396085	65365	19024192	61046168	169.62
1376435397085	65365	19024192	61477016	170.11
1376435398086	65365	19024192	61818648	164.82
1376435399086	65365	19024192	62247320	168.33
1376435400087	65365	19024192	62632472	168.38
1376435401087	65365	19024192	62991512	165.93
1376435402088	65365	19024192	63426712	167.11
1376435403088	65365	19024192	63837112	168.36
1376435404089	65365	19024192	64192664	164.86
1376435405090	65365	19024192	64586520	163.63
1376435406091	65365	19024192	64980376	164.28
1376435407091	65365	19024192	65389464	164.80
1376435408092	65365	19024192	65776792	164.07
1376435409093	65365	19024192	66201112	168.00
1376435410093	65365	19024192	66571032	167.06
1376435411094	65365	19024192	67019288	168.81
1376435412095	65365	19024192	67421848	169.20
1376435413095	65365	19024192	67817880	168.66
1376435414095	65365	19024192	68200856	167.94
1376435415096	65365	19024192	68562072	163.21
1376435416096	65365	19024192	68966808	163.91
1376435417097	65365	19024192	69391128	165.81
1376435418098	65365	19024192	69826328	170.21
1376435419098	65365	19024192	70214744	168.41
1376435420099	65365	19024192	70578136	164.57
1376435421100	65365	19024192	70976344	164.91
1376435422100	65365	19024192	71381080	166.27
1376435423101	65365	19024192	71816280	169.61
1376435424101	65365	19024192	72203608	170.13
1376435425102	65365	19024192	72629976	170.51
1376435426102	65365	19024192	73002200	172.17
1376435427103	65365	19024192	73424344	170.54
1376435428103	65365	19024192	73761624	165.50
1376435429104	65365	19024192	74157656	168.13
1376435430105	65365	19024192	74575448	165.49
1376435431106	65365	19024192	74973656	166.55
1376435432106	65365	19024192	75343576	166.54
1376435433107	65365	19024192	75791416	167.57
1376435434107	65365	19024192	76148696	165.96
1376435435108	65365	19024192	76553432	166.11
1376435436108	65365	19024192	76932056	166.15
1376435437109	65365	19024192	77321560	164.54
1376435438110	65365	19024192	77713240	164.49
1376435439111	65365	19024192	78146264	168.24
1376435440112	65365	19024192	78514008	168.40
1376435441112	65365	19024192	78829528	163.25
1376435442113	65365	19024192	79214680	161.77
1376435443113	65365	19024192	79612888	162.41
1376435444114	65365	19024192	80011096	162.68
1376435445114	65365	19024192	80398424	163.48
1376435446115	65365	19024192	80809688	165.92
1376435447115	65365	19024192	81179608	162.03
1376435448115	65365	19024192	81599576	164.22
1376435449116	65365	19024192	81995608	164.14
1376435450116	65365	19024192	82332888	162.72
1376435451117	65365	19024192	82713688	160.82
1376435452117	65365	19024192	83087960	161.32
1376435453118	65365	19024192	83514456	163.15
1376435454118	65365	19024192	83873496	159.45
1376435455119	65365	19024192	84330456	165.24
1376435456120	65365	19024192	84715608	164.11
1376435457121	65365	19024192	85154008	169.02
1376435458121	65365	19024192	85527256	167.85
1376435459122	65365	19024192	85932656	168.19
1376435460122	65365	19024192	86304752	166.30
1376435461123	65365	19024192	86672496	164.17
1376435462123	65365	19024192	87077232	165.68
1376435463124	65365	19024192	87460208	164.78
1376435464124	65365	19024192	87814896	162.23
1376435465125	65365	19024192	88234864	164.52
1376435466127	65365	19024192	88650192	166.89
1376435467128	65365	19024192	89020400	164.66
1376435468129	65365	19024192	89399024	163.47
1376435469130	65365	19024192	89755888	165.42
1376435470130	65365	19024192	90178032	164.67
1376435471131	65365	19024192	90563184	163.69
1376435472131	65365	19024192	90961392	163.64
1376435473132	65365	19024192	91361776	164.36
1376435474132	65365	19024192	91747336	168.09
1376435475132	65365	19024192	92160368	167.13
1376435476133	65365	19024192	92543344	169.47
1376435477134	65365	19024192	92941552	167.68
1376435478134	65365	19024192	93359344	168.70
1376435479135	65365	19024192	93681392	165.05
1376435480135	65365	19024192	94134000	168.13
1376435481135	65365	19024192	94538736	167.23
1376435482136	65365	19024192	94954528	169.90
1376435483137	65365	19024192	95341856	169.92
1376435484137	65365	19024192	95713952	167.88
1376435485138	65365	19024192	96112160	166.09
1376435486148	65365	19024192	96510368	165.62
1376435487149	65365	19024192	96858528	165.63
1376435488149	65365	19024192	97235688	165.17
1376435489149	65365	19024192	97689760	167.79
1376435490150	65365	19024192	98061856	168.25
1376435491150	65365	19024192	98423072	164.58
1376435492151	65365	19024192	98799520	165.42
1376435493151	65365	19024192	99182496	164.02
1376435494152	65365	19024192	99526304	159.86
1376435495152	65365	19024192	99904928	159.81
1376435496153	65365	19024192	100283552	161.17
1376435497153	65365	19024192	100690464	163.37
1376435498154	65365	19024192	101049504	162.84
1376435499154	65365	19024192	101465120	164.65
1376435500155	65365	19024192	101859408	163.46
1376435501156	65365	19024192	102285904	168.40
1376435502156	65365	19024192	102628584	166.85
1376435503157	65365	19024192	103058656	166.24
1376435504158	65365	19024192	103463680	167.20
1376435505159	65365	19024192	103798784	164.51
1376435506159	65365	19024192	104190464	166.01
1376435507160	65365	19024192	104643072	169.30
1376435508160	65365	19024192	105030368	169.39
1376435509161	65365	19024192	105406816	166.41
1376435510161	65365	19024192	105800672	165.92
1376435511162	65365	19024192	106181472	165.86
1376435512162	65365	19024192	106557920	164.38
1376435513163	65365	19024192	106986592	169.89
1376435514163	65365	19024192	107386976	169.66
1376435515171	65365	19024192	107780832	166.88
1376435516172	65365	19024192	108176864	168.76
1376435517172	65365	19024192	108572896	167.64
1376435518173	65365	19024192	108938464	165.74
1376435519173	65365	19024192	109235000	162.48
1376435520173	65365	19024192	109617376	158.59
1376435521174	65365	19024192	110052576	163.86
1376435522175	65365	19024192	110400736	159.70
1376435523176	65365	19024192	110792416	163.88
1376435524176	65365	19024192	111155808	162.59
1376435525176	65365	19024192	111540960	163.26
1376435526177	65365	19024192	111941344	164.50
1376435527178	65365	19024192	112307352	160.93
1376435528178	65365	19024192	112696856	166.94
1376435529179	65365	19024192	113123352	166.93
1376435530179	65365	19024192	113497624	165.07
1376435531180	65365	19024192	113828376	164.44
1376435532180	65365	19021696	114239640	163.41
1376435533181	65365	19021696	114585624	163.37
1376435534181	65365	19021696	115026584	164.03
1376435535182	65365	19021696	115403800	163.18
1376435536183	65365	19021696	115795480	163.29
1376435537184	65365	19021696	116163224	162.24
1376435538184	65365	19021696	116567960	167.89
1376435539184	65365	19021696	117003160	168.73
1376435540185	65365	19021696	117379608	167.68
1376435541185	65365	19021696	117838744	171.85
1376435542186	65365	19021696	118221720	170.55
1376435543187	65365	19021696	118613400	170.40
1376435544191	65365	19021696	119007256	170.42
1376435545192	65365	19021696	119325536	168.78
1376435546192	65365	19021696	119736216	169.87
1376435547192	65365	19021696	120123544	167.80
1376435548193	65365	19021696	120530456	166.86
1376435549194	65365	19021696	120953816	171.19
1376435550194	65365	19021696	121302936	170.23
1376435551194	65365	19021696	121703320	168.70
1376435552195	65365	19021696	122051480	166.84
1376435553196	65365	19021696	122462744	165.23
1376435554197	65365	19021696	122869656	167.52
1376435555197	65365	19021696	123252632	167.22
1376435556198	65365	19021696	123644312	170.47
1376435557198	65365	19021696	124016408	168.84
1376435558199	65365	19021696	124462488	170.67
1376435559199	65365	19021696	124843288	170.53
1376435560200	65365	19021696	125228440	168.72
1376435561201	65365	19021696	125576600	167.05
1376435562201	65365	19021696	125959576	164.62
1376435563202	65365	19021696	126366704	168.34
1376435564202	65365	19021696	126751856	166.30
1376435565203	65365	19021696	127095664	166.95
1376435566203	65365	19021696	127472112	163.57
1376435567204	65365	19021696	127852912	166.03
1376435568204	65365	19021696	128283760	166.48
1376435569205	65365	19021696	128668912	166.06
1376435570205	65365	19021696	129014896	162.94
1376435571206	65365	19021696	129408752	164.98
1376435572206	65365	19021696	129793904	163.35
1376435573207	65365	19021696	130218224	168.52
1376435574207	65365	19021696	130596848	165.32
1376435575208	65365	19021696	131029872	168.70
1376435576209	65365	19021696	131452016	171.50
1376435577209	65365	19021696	131832816	170.01
1376435578214	65365	19021696	132189680	166.06
1376435579215	65365	19021696	132570480	169.74
1376435580215	65365	19021696	132944752	168.59
1376435581216	65365	19021696	133373424	167.55
1376435582217	65365	19021696	133734640	165.14
1376435583220	65365	19021696	134119792	165.89
1376435584230	65365	19021696	134538056	168.33
1376435585231	65365	19021696	134916680	168.42
1376435586231	65365	19021696	135306464	167.74
1376435587232	65365	19021696	135726432	170.26
1376435588232	65365	19021696	136074592	169.41
1376435589233	65365	19021696	136468448	170.59
1376435590233	65365	19021696	136860128	169.99
1376435591234	65365	19021696	137256160	168.74
1376435592234	65365	19021696	137669600	169.97
1376435593234	65365	19021696	138096096	173.79
1376435594235	65365	19021696	138483424	170.14
1376435595236	65365	19021696	138870752	170.68
1376435596236	65365	19021696	139303776	172.58
1376435597237	65365	19021696	139658464	171.17
1376435598237	65365	19021696	140061024	170.50
1376435599238	65365	19021696	140413536	167.26
1376435600259	65365	19021696	140726880	164.31
1376435601260	65365	19021696	141116384	162.99
1376435602260	65365	19021696	141508064	162.99
1376435603261	65365	19021696	141899744	163.61
1376435604261	65365	19021696	142241376	162.36
1376435605262	65365	19021696	142615648	163.22
1376435606262	65365	19021696	143026912	165.36
1376435607263	65365	19021696	143416416	163.94
1376435608263	65365	19021696	143751520	164.51
1376435609271	65365	19021696	144172032	163.09
1376435610272	65365	19021696	144570640	167.07
1376435611272	65365	19021696	144973200	167.33
1376435612272	65365	19021696	145340944	168.72
1376435613273	65365	19021696	145723920	166.99
1376435614273	65365	19021696	146087312	166.70
1376435615274	65365	19021696	146492048	166.29
1376435616274	65365	19021696	146829328	165.85
1376435617275	65365	19021696	147212304	164.22
1376435618275	65365	19021696	147595280	166.56
1376435619276	65365	19021696	148013072	169.82
1376435620276	65365	19021696	148446096	170.81
1376435621277	65365	19021696	148796432	169.68
1376435622277	65365	19021696	149144592	165.32
1376435623278	65365	19021696	149549328	167.20
1376435624278	65365	19021696	149956240	171.44
1376435625279	65365	19021696	150328336	170.01
1376435626279	65365	19021696	150722192	167.77
1376435627280	65365	19021696	151092112	170.10
1376435628280	65365	19021696	151483792	167.59
1376435629281	65365	19021696	151877648	167.35
1376435630282	65365	19021696	152271504	172.00
1376435631282	65365	19021696	152684944	171.34
1376435632283	65365	19021696	153043984	170.13
1376435633283	65365	19021696	153429136	169.40
1376435634287	65365	19021696	153859984	171.34
1376435635288	65365	19021696	154266896	173.21
1376435636288	65365	19021696	154638992	172.17
1376435637289	65365	19021696	155041552	174.29
1376435638289	65365	19021696	155454992	176.26
1376435639289	65365	19021696	155823840	173.74
1376435640290	65365	19021696	156235104	173.39
1376435641291	65365	19021696	156615904	170.86
1376435642296	65365	19021696	156979296	167.85
1376435643297	65365	19021696	157356008	171.96
1376435644297	65365	19021696	157778152	170.64
1376435645297	65365	19021696	158185064	173.12
1376435646298	65365	19021696	158544104	174.19
1376435647298	65365	19021696	158881384	169.92
1376435648299	65365	19021696	159266040	166.49
1376435649299	65365	19021696	159605992	162.95
1376435650300	65365	19021696	160002024	166.44
1376435651301	65365	19021696	160358888	163.67
1376435652301	65365	19021696	160767976	166.78
1376435653301	65365	19021696	161168360	168.65
1376435654302	65365	19021696	161503464	167.57
1376435655303	65365	19021696	161869032	165.08
1376435656303	65365	19021696	162275944	165.19
1376435657303	65365	19021696	162632976	161.35
1376435658304	65365	19021696	163029008	166.50
1376435659304	65365	19021696	163442448	170.73
1376435660305	65365	19021696	163845008	171.91
1376435661305	65365	19021696	164210576	170.43
1376435662311	65365	19021696	164613136	167.81
1376435663312	65365	19021696	164976528	166.46
1376435664312	65365	19021696	165335568	166.19
1376435665313	65365	19021696	165703624	166.60
1376435666313	65365	19021696	166154056	171.24
1376435667314	65365	19021696	166491336	166.19
1376435668320	65365	19021696	166869960	165.50
1376435669321	65365	19021696	167294280	168.95
1376435670322	65365	19021696	167664200	167.74
1376435671323	65365	19021696	168038472	166.91
1376435672324	65365	19021696	168436680	170.05
1376435673324	65365	19021696	168800072	168.51
1376435674325	65365	19021696	169170664	170.20
1376435675325	65365	19021696	169518152	164.96
1376435676326	65365	19021696	169896776	165.38
1376435677326	65365	19021696	170275400	168.02
1376435678327	65365	19021696	170697544	168.25
1376435679442	65365	19021696	171008712	166.11
1376435680442	65365	19021696	171422152	166.97
1376435681443	65365	19021696	171789896	164.86
1376435682443	65365	19021696	172171848	166.63
1376435683443	65365	19021696	172516680	168.65
1376435684444	65365	19021696	172919240	166.86
1376435685444	65365	19021696	173328328	169.97
1376435686445	65365	19021696	173704776	169.55
1376435687446	65365	19021696	174033352	171.48
1376435688446	65365	19021696	174425032	167.64
1376435689446	65365	19021696	174812360	167.74
1376435690447	65365	19021696	175223624	171.04
1376435691448	65365	19021696	175654184	175.30
1376435692448	65365	19021696	175965640	171.70
1376435693449	65365	19021696	176400840	173.84
1376435694449	65365	19021696	176768584	174.91
1376435695450	65365	19021696	177164616	175.45
1376435696450	65365	19021696	177565000	175.91
1376435697451	65365	19021696	177950152	177.36
1376435698451	65365	19021696	178337480	175.29
1376435699454	65365	19021696	178704936	173.25
1376435700455	65365	19021696	179090376	175.19
1376435701455	65365	19021696	179503816	177.48
1376435702461	65365	19021696	179847624	173.52
1376435703462	65365	19021696	180193608	174.00
1376435704462	65365	19021696	180583112	170.78
1376435705469	65365	19021696	180955208	169.38
1376435706470	65365	19021696	181353416	172.33
1376435707471	65365	19021696	181747272	172.15
1376435708472	65365	19021696	182121544	173.01
1376435709472	65365	19021696	182498248	174.83
1376435710473	65365	19021696	182907080	174.51
1376435711473	65365	19021696	183277000	174.09
1376435712474	65365	19021696	183712200	177.00
1376435713474	65365	19021696	184106056	177.33
1376435714475	65365	19021696	184497736	177.34
1376435715475	65365	19021696	184872008	174.93
1376435716485	65365	19021696	185265864	175.45
1376435717486	65365	19021696	185598792	175.55
1376435718487	65365	19021696	186025288	174.45
1376435719488	65365	19021696	186408264	174.09
1376435720489	65365	19021696	186769480	173.67
1376435721490	65365	19021696	187165776	174.18
1376435722491	65365	19021696	187520792	174.20
1376435723492	65365	19021696	187923352	174.11
1376435724493	65365	19021696	188288920	173.88
1376435725493	65365	19021696	188637080	170.92
1376435726494	65365	19021696	189035288	171.91
1376435727495	65365	19021696	189416088	177.52
1376435728495	65365	19021696	189844760	177.55
1376435729496	65365	19021696	190223384	177.21
1376435730496	65365	19021696	190616760	175.92
1376435731497	65365	19021696	190958872	173.41
1376435732497	65365	19021696	191315904	173.04
1376435733498	65365	19021696	191761984	176.94
1376435734498	65365	19021696	192125376	175.02
1376435735499	65365	19021696	192458304	174.58
1376435736499	65365	19021696	192858688	174.74
1376435737499	65365	19021696	193274304	175.02
1376435738500	65365	19021696	193644512	176.76
1376435739501	65365	19021696	194042720	175.22
1376435740501	65365	19021696	194395232	175.12
1376435741501	65365	19021696	194761336	175.66
1376435742502	65365	19021696	195132896	172.41
1376435743502	65365	19021696	195526752	174.55
1376435744503	65365	19021696	195911904	171.87
1376435745511	65365	19021696	196292704	171.47
1376435746512	65365	19021696	196686560	176.03
1376435747512	65365	19021696	197063008	174.40
1376435748516	65365	19021696	197448160	173.24
1376435749517	65365	19021696	197813728	173.86
1376435750517	65365	19021696	198192352	173.81
1376435751517	65365	19021696	198586208	173.72
1376435752518	65365	19021696	198988768	175.24
1376435753518	65365	19021696	199365216	180.05
1376435754520	65365	19021696	199769952	175.78
1376435755521	65365	19021696	200146400	174.98
1376435756522	65365	19021696	200540256	178.22
1376435757522	65365	19021696	200904408	177.80
1376435758522	65365	19021696	201184160	168.75
1376435759523	65365	19021696	201558624	166.94
1376435760523	65365	19021696	201949536	171.43
1376435761524	65365	19021696	202294536	171.48
1376435762525	65365	19021696	202685792	171.22
1376435763525	65365	19021696	203042656	170.87
1376435764526	65365	19021696	203419104	169.68
1376435765526	65365	19021696	203823840	171.41
1376435766527	65365	19021696	204176352	169.91
1376435767527	65365	19021696	204561504	172.57
1376435768527	65365	19021696	204964064	174.56
1376435769528	65365	19021696	205310048	172.67
1376435770528	65365	19021696	205734656	175.03
1376435771529	65365	19021696	206112128	173.64
1376435772529	65365	19021696	206500320	175.40
1376435773530	65365	19021696	206848480	173.45
1376435774530	65365	19021696	207227104	172.45
1376435775533	65365	19021696	207594848	171.49
1376435776533	65365	19021696	207912544	171.67
1376435777534	65365	19021696	208332512	172.34
1376435778539	65365	19021696	208704608	172.15
1376435779540	65365	19021696	209057120	173.22
1376435780540	65365	19021696	209437920	174.22
1376435781540	65365	19021696	209827736	171.88
1376435782541	65365	19021696	210234040	174.99
1376435783542	65365	19021696	210619800	174.79
1376435784543	65365	19021696	210998424	175.13
1376435785544	65365	19021696	211359640	175.41
1376435786544	65365	19021696	211746968	174.01
1376435787545	65365	19021696	212116888	173.47
1376435788545	65365	19021696	212480280	172.51
1376435789546	65365	19021696	212848024	172.98
1376435790546	65365	19021696	213233176	175.03
1376435791547	65365	19021696	213576984	170.69
1376435792547	65365	19021696	213962136	171.73
1376435793548	65365	19021696	214329880	173.53
1376435794554	65365	19021696	214723736	171.07
1376435795555	65365	19021696	215148056	174.82
1376435796555	65365	19021696	215517976	174.52
1376435797556	65365	19021696	215872664	173.08
1376435798556	65365	19021696	216203416	172.95
1376435799557	65365	19021696	216577688	170.55
1376435800557	65365	19021696	216968672	175.32
1376435801558	65365	19021696	217354520	171.71
1376435802559	65365	19021696	217739672	173.70
1376435803559	65365	19021696	218133528	176.90
1376435804560	65365	19021696	218509976	177.57
1376435805560	65365	19021696	218868312	177.90
1376435806561	65365	19021696	219275928	176.58
1376435807562	65365	19021696	219652376	176.11
1376435808562	65365	19021696	220009240	173.22
1376435809563	65365	19021696	220390040	173.84
1376435810563	65365	19021696	220755608	173.85
1376435811572	65365	19021696	221138584	172.76
1376435812573	65365	19021696	221506328	173.51
1376435813573	65365	19021696	221893656	175.63
1376435814574	65365	19021696	222265752	175.18
1376435815574	65365	19021696	222626968	173.24
1376435816575	65365	19021696	223040408	174.75
1376435817576	65365	19021696	223399448	173.89
1376435818576	65365	19021696	223780248	177.90
1376435819576	65365	19021696	224124056	173.14
1376435820577	65365	19021696	224522264	171.98
1376435821578	65365	19021696	224846488	169.70
1376435822578	65365	19021696	225242520	171.84
1376435823579	65365	19021696	225666840	178.08
1376435824579	65365	19021696	226036760	175.45
1376435825579	65365	19021696	226411032	177.45
1376435826580	65365	19021696	226807064	177.09
1376435827581	65365	19021696	227216152	178.46
1376435828582	65365	19021696	227583032	177.30
1376435829582	65365	19021696	227905944	175.69
1376435830583	65365	19021696	228286744	174.65
1376435831583	65365	19021696	228663192	173.02
1376435832584	65365	19021696	229059224	176.29
1376435833584	65365	19021696	229437848	174.34
1376435834585	65365	19021696	229783832	174.42
1376435835585	65365	19021696	230060184	163.99
1376435836586	65365	19021696	230399640	164.73
1376435837586	65365	19021696	230778264	167.02
1376435838587	65365	19021696	231172120	169.68
1376435839588	65365	19021696	231485464	168.66
1376435840588	65365	19021696	231933720	172.53
1376435841588	65365	19021696	232299288	172.79
1376435842589	65365	19021696	232671384	172.40
1376435843589	65365	19021696	233034776	172.31
1376435844590	65365	19021696	233398168	169.79
1376435845590	65365	19021696	233842072	176.89
1376435846591	65365	19021696	234214168	176.38
1376435847591	65365	19021696	234588440	179.11
1376435848592	65365	19021696	234951832	176.29
1376435849592	65365	19021696	235397784	180.61
1376435850593	65365	19021696	235774360	179.97
1376435851593	65365	19021696	236142104	183.52
1376435852594	65365	19021696	236535960	180.26
1376435853594	65365	19021696	236908056	179.61
1376435854595	65365	19021696	237299736	176.75
1376435855596	65365	19021696	237684888	177.30
1376435856597	65365	19021696	238030872	176.94
1376435857597	65365	19021696	238451672	179.60
1376435858597	65365	19021696	238838168	180.36
1376435859598	65365	19021696	239237496	181.17
1376435860598	65365	19021696	239611768	178.48
1376435861599	65365	19021696	239994744	177.88
1376435862600	65365	19021696	240377720	179.21
1376435863600	65365	19021696	240734584	177.53
1376435864600	65365	19021696	241080568	176.67
1376435865601	65365	19021696	241480952	175.36
1376435866602	65365	19021696	241807352	173.26
1376435867602	65365	19021696	242192504	171.71
1376435868603	65365	19021696	242523256	168.19
1376435869603	65365	19021696	242879512	172.82
1376435870604	65365	19021696	243307280	173.69
1376435871604	65365	19021696	243681608	172.17
1376435872605	65365	19021696	244064584	175.84
1376435873605	65365	19021696	244436680	174.67
1376435874606	65365	19021696	244824008	177.01
1376435875606	65365	19021696	245167496	175.50
1376435876607	65365	19021696	245555144	174.73
1376435877607	65365	19021696	245896776	176.15
1376435878608	65365	19021696	246308040	174.80
1376435879609	65365	19021696	246701896	179.70
1376435880609	65365	19021696	247104456	177.55
1376435881609	65365	19021696	247454792	174.90
1376435882610	65365	19021696	247805128	172.46
1376435883611	65365	19021696	248235976	178.12
1376435884611	65365	19021696	248597192	176.75
1376435885612	65365	19021696	248954056	175.12
1376435886612	65365	19021696	249330504	175.46
1376435887613	65365	19021696	249665608	174.95
1376435888614	65365	19021696	250083400	174.46
1376435889614	65365	19021696	250416328	172.83
1376435890615	65365	19021696	250827592	175.05
1376435891616	65365	19021696	251188808	172.68
1376435892617	65365	19021696	251540648	174.44
1376435893617	65365	19021696	251926472	172.97
1376435894618	65365	19021696	252296392	172.72
1376435895619	65365	19021696	252653256	171.54
1376435896619	65365	19021696	253014472	173.09
1376435897620	65365	19021696	253356104	173.52
1376435898621	65365	19021696	253789128	174.71
1376435899622	65365	19021696	254156872	175.38
1376435900622	65365	19021696	254537672	175.23
1376435901623	65365	19021696	254923112	177.75
1376435902623	65365	19021696	255301736	176.99
1376435903625	65365	19021696	255702120	177.37
1376435904626	65365	19021696	256048104	174.37
1376435905626	65365	19021696	256441960	178.39
1376435906627	65365	19021696	256774888	177.01
1376435907627	65365	19021696	257131752	176.17
1376435908628	65365	19021696	257549544	174.89
1376435909628	65365	19021696	257880296	170.87
1376435910629	65365	19021696	258250216	172.36
1376435911741	65365	19021696	258592864	170.36
1376435912741	65365	19021696	258931304	172.12
1376435913742	65365	19021696	259303400	172.72
1376435914742	65365	19021696	259666792	171.71
1376435915743	65365	19021696	260017128	172.26
1376435916743	65365	19021696	260371816	171.24
1376435917744	65365	19021696	260812264	176.01
1376435918745	65365	19021696	261172584	174.44
1376435919746	65365	19021696	261544680	176.08
1376435920746	65365	19021696	261956488	178.84
1376435921747	65365	19021696	262297576	178.85
1376435922747	65365	19021696	262706664	180.36
1376435923748	65365	19021696	263061352	180.85
1376435924748	65365	19021696	263424744	179.82
1376435925749	65365	19021696	263807720	177.47
1376435926750	65365	19021696	264199400	178.65
1376435927750	65365	19021696	264575848	180.56
1376435928751	65365	19021696	264956648	183.49
1376435929753	65365	19021696	265422024	186.07
1376435930754	65365	19021696	265770472	185.75
1376435931755	65365	19021696	266157800	182.94
1376435932756	65365	19021696	266497256	182.67
1376435933756	65365	19021696	266895464	181.44
1376435934757	65365	19021696	267202280	178.06
1376435935759	65365	19021696	267585256	175.56
1376435936759	65365	19021696	267957352	178.50
1376435937760	65365	19021696	268346856	178.75
1376435938760	65365	19021696	268721128	180.23
1376435939761	65365	19021696	269123688	182.38
1376435940762	65365	19021696	269460968	178.41
1376435941770	65365	19021696	269859176	180.59
1376435942771	65365	19021696	270237800	181.02
1376435943772	65365	19021696	270594664	182.98
1376435944775	65365	19021696	270997224	181.12
1376435945776	65365	19021696	271341032	179.53
1376435946776	65365	19021696	271678312	175.83
1376435947777	65365	19021696	272052584	178.55
1376435948777	65365	19021696	272435560	179.15
1376435949778	65365	19021696	272829416	179.73
1376435950779	65365	19021696	273188456	177.63
1376435951780	65365	19021696	273556200	179.33
1376435952780	65365	19021696	273926120	181.52
1376435953781	65365	19021696	274298216	180.14
1376435954782	65365	19021696	274665960	180.62
1376435955782	65365	19021696	275018472	180.05
1376435956782	65365	19021696	275397096	177.96
1376435957783	65365	19021696	275780072	179.31
1376435958783	65365	19021696	276130408	179.43
1376435959784	65365	19021696	276500328	178.76
1376435960784	65365	19021696	276925224	183.74
1376435961785	65365	19021696	277279336	179.44
1376435962786	65365	19021696	277671016	181.77
1376435963786	65365	19021696	278049640	182.52
1376435964787	65365	19021696	278423912	183.97
1376435965787	65365	19021696	278813416	185.77
1376435966788	65365	19021696	279137640	182.15
1376435967788	65365	19021696	279549096	180.67
1376435968789	65365	19021696	279903784	181.79
1376435969789	65365	19021696	280278016	182.23
1376435970790	65365	19021696	280637528	180.45
1376435971790	65365	19021696	281000920	176.98
1376435972791	65365	19021696	281401304	178.96
1376435973792	65365	19021696	281786456	180.11
1376435974793	65365	19021696	282097624	177.28
1376435975793	65365	19021696	282511064	179.04
1376435976794	65365	19021696	282841816	175.45
1376435977794	65365	19021696	283216088	176.56
1376435978795	65365	19021696	283592536	177.52
1376435979796	65365	19021696	283958784	179.49
1376435980796	65365	19021696	284322176	177.38
1376435981797	65365	19021696	284718208	178.67
1376435982798	65365	19021696	285131648	183.43
1376435983798	65365	19021696	285458048	178.77
1376435984799	65365	19021696	285856256	179.70
1376435985800	65365	19021696	286230528	181.80
1376435986800	65365	19021696	286605280	183.38
1376435987801	65365	19021696	286887136	173.05
1376435988801	65365	19021696	287253984	172.61
1376435989802	65365	19021696	287605576	172.76
1376435990803	65365	19021696	287950304	176.41
1376435991803	65365	19021696	288386536	178.33
1376435992804	65365	19021696	288693352	178.10
1376435993804	65365	19021696	289087208	177.87
1376435994805	65365	19021696	289520232	182.20
1376435995805	65365	19021696	289907272	182.67
1376435996806	65365	19021696	290257896	180.59
1376435997807	65365	19021696	290625640	181.85
1376435998807	65365	19021696	290984680	182.11
1376435999808	65365	19021696	291335016	180.33
1376436000808	65365	19021696	291687528	176.16
1376436001809	65365	19021696	292066152	178.96
1376436002810	65365	19021696	292442600	177.58
1376436003811	65365	19021696	292816872	177.59
1376436004812	65365	19021696	293193320	179.24
1376436005812	65365	19021696	293550184	177.45
1376436006813	65365	19021696	293919840	180.70
1376436007813	65365	19021696	294290800	178.97
1376436008814	65365	19021696	294633832	180.42
1376436009814	65365	19021696	295053800	180.29
1376436010815	65365	19021696	295401960	181.46
1376436011815	65365	19021696	295773344	180.79
1376436012816	65365	19021696	296152680	179.69
1376436013817	65365	19021696	296533480	180.04
1376436014818	65365	19021696	296927336	183.48
1376436015818	65365	19021696	297284200	183.95
1376436016818	65365	19021696	297684584	185.21
1376436017819	65365	19021696	298064264	184.64
1376436018820	65365	19021696	298439656	182.83
1376436019821	65365	19021696	298789992	181.80
1376436020830	65365	19021696	299166440	180.76
1376436021831	65365	19021696	299553032	183.85
1376436022831	65365	19021696	299899752	181.33
1376436023832	65365	19021696	300239208	179.25
1376436024832	65365	19021696	300637416	181.27
1376436025833	65365	19021696	300994280	180.92
1376436026833	65365	19021696	301353320	180.39
1376436027834	65365	19021696	301731944	180.22
1376436028835	65365	19021696	302162792	183.44
1376436029836	65365	19021696	302530536	182.52
1376436030837	65365	19021696	302911336	183.32
1376436031837	65365	19021696	303285608	182.94
1376436032838	65365	19021696	303649000	181.86
1376436033838	65365	19021696	303984104	179.61
1376436034839	65365	19021696	304325736	181.54
1376436035839	65365	19021696	304747880	184.00
1376436036840	65365	19021696	305104744	180.43
1376436037840	65365	19021696	305502952	182.86
1376436038841	65365	19021696	305881576	182.88
1376436039841	65365	19021696	306264552	183.26
1376436040850	65365	19021696	306660584	184.03
1376436041851	65365	19021696	307015272	183.24
1376436042851	65365	19021696	307422184	186.97
1376436043852	65365	19021696	307809512	187.24
1376436044852	65365	19021696	308144616	187.16
1376436045853	65365	19021696	308540648	185.89
1376436046855	65365	19021696	308897512	181.34
1376436047856	65365	19021696	309297896	184.07
1376436048856	65365	19021696	309674344	186.11
1376436049857	65365	19021696	310037736	184.94
1376436050857	65365	19021696	310440296	187.22
1376436051858	65365	19021696	310829800	186.12
1376436052859	65365	19021696	311186664	186.62
1376436053862	65365	19021696	311550056	183.11
1376436054863	65365	19021696	311926504	185.52
1376436055863	65365	19021696	312324712	186.06
1376436056864	65365	19021696	312712040	188.01
1376436057864	65365	19021696	313121608	189.35
1376436058865	65365	19021696	313475816	187.74
1376436059865	65365	19021696	313865320	187.51
1376436061014	65365	19021696	314174312	184.65
1376436062015	65365	19021696	314598632	187.20
1376436063016	65365	19021696	314964200	184.46
1376436064017	65365	19021696	315316712	185.65
1376436065017	65365	19021696	315677928	182.45
1376436066017	65365	19021696	316017384	183.10
1376436067018	65365	19021696	316400360	185.73
1376436068018	65365	19021696	316802920	186.87
1376436069019	65365	19021696	317190248	186.03
1376436070019	65365	19021696	317573224	187.47
1376436071020	65365	19021696	318006248	193.24
1376436072020	65365	19021696	318371816	192.61
1376436073021	65365	19021696	318730856	193.10
1376436074022	65365	19021696	319083368	190.86
1376436075022	65365	19021696	319467656	186.86
1376436076023	65365	19021696	319823208	185.24
1376436077024	65365	19021696	320190952	189.26
1376436078024	65365	19021696	320585624	192.36
1376436079025	65365	19021696	320954728	190.09
1376436080025	65365	19021696	321357936	192.40
1376436081026	65365	19021696	321720680	189.32
1376436082026	65365	19021696	322116712	192.48
1376436083027	65365	19021696	322488232	189.19
1376436084028	65365	19021696	322873960	189.88
1376436085028	65365	19021696	323200360	188.66
1376436086028	65365	19021696	323594216	188.42
1376436087029	65365	19021696	323983720	188.47
1376436088032	65365	19021696	324347112	187.70
1376436089033	65365	19021696	324740968	190.08
1376436090033	65365	19021696	325108712	189.82
1376436091034	65365	19021696	325487336	189.58
1376436092034	65365	19021696	325831144	188.01
1376436093035	65365	19021696	326227176	189.13
1376436094035	65365	19021696	326607976	189.65
1376436095036	65365	19021696	326936552	190.47
1376436096037	65365	19021696	327289064	184.54
1376436097037	65365	19021696	327652456	184.49
1376436098038	65365	19021696	328000616	182.25
1376436099038	65365	19021696	328344424	186.21
1376436100039	65365	19021696	328762456	188.26
1376436101039	65365	19021696	329143016	187.73
1376436102040	65365	19021696	329499880	185.30
1376436103040	65365	19021696	329839336	153.52
1376436104041	65365	19021696	330231016	154.02
1376436105041	65365	19021696	330568296	153.12
1376436106042	65365	19021696	330918632	149.44
1376436107042	65365	19021696	331282024	149.20
1376436108043	65365	19021696	331641064	148.68
1376436109043	65365	19021696	332006632	147.93
1376436110045	65365	19021696	332402664	150.75
1376436111046	65365	19021696	332763592	152.08
1376436112046	65365	19021696	333138152	151.20
1376436113047	65365	19021696	333473256	151.91
1376436114047	65365	19021696	333845352	154.01
1376436115048	65365	19021696	334237032	151.80
1376436116048	65365	19021696	334615656	152.45
1376436117049	65365	19021696	334972520	153.58
1376436118049	65365	19021696	335340264	152.59
1376436119050	65365	19021696	335694952	152.82
1376436120050	65365	19021696	336067048	154.60
1376436121051	65365	19021696	336443496	153.43
1376436122051	65365	19021696	336811240	152.96
1376436123052	65365	19021696	337168104	153.11
1376436124052	65365	19021696	337546728	154.17
1376436125053	65365	19021696	337944936	157.44
1376436126053	65365	19021696	338308328	152.81
1376436127053	65365	19021696	338697608	155.08
1376436128054	65365	19021696	339054696	156.28
1376436129055	65365	19021696	339400680	152.84
1376436130055	65365	19021696	339759720	150.84
1376436131056	65365	19021696	340136168	153.14
1376436132056	65365	19021696	340521320	152.56
1376436133057	65365	19021696	340858600	152.91
1376436134057	65365	19021696	341192016	149.91
1376436135058	65365	19021696	341584416	151.99
1376436136058	65365	19021696	341959352	151.08
1376436137059	65365	19021696	342297648	151.09
1376436138060	65365	19021696	342644792	147.88
1376436139060	65365	19021696	343071288	155.63
1376436140061	65365	19021696	343458592	156.87
1376436141062	65365	19021696	343811128	152.85
1376436142062	65365	19021696	344141880	152.20
1376436143063	65365	19021696	344542264	156.12
1376436144064	65365	19021696	344910008	152.06
1376436145064	65365	19021696	345258168	151.02
1376436146065	65365	19021696	345628088	153.75
1376436147065	65365	19021696	345987128	151.59
1376436148066	65365	19021696	346347520	152.00
1376436149066	65365	19021696	346696504	152.88
1376436150067	65365	19021696	347066424	153.66
1376436151067	65365	19021696	347399352	151.41
1376436152068	65365	19021696	347821496	152.81
1376436153068	65365	19021696	348151288	152.00
1376436154069	65365	19021696	348487536	149.99
1376436155070	65365	19021696	348888136	151.95
1376436156070	65365	19021696	349234120	153.68
1376436157071	65365	19021696	349595336	149.24
1376436158072	65365	19021696	349945672	149.69
1376436159072	65365	19021696	350341704	153.09
1376436160073	65365	19021696	350711624	152.36
1376436161073	65365	19021696	351055432	152.41
1376436162073	65365	19021696	351471048	154.15
1376436163074	65365	19021696	351827912	153.04
1376436164075	65365	19021696	352180424	153.14
1376436165076	65365	19021696	352591688	156.47
1376436166076	65365	19021696	352985544	159.85
1376436167077	65365	19021696	353372872	158.38
1376436168077	65365	19021696	353731912	159.31
1376436169078	65365	19021696	354095760	156.96
1376436170078	65365	19021696	354451440	154.87
1376436171079	65365	19021696	354799480	155.41
1376436172080	65365	19021696	355189104	152.79
1376436173081	65365	19021696	355559024	155.55
1376436174081	65365	19021696	355968112	157.53
1376436175082	65365	19021696	356322512	155.63
1376436176082	65365	19021696	356681840	155.09
1376436177083	65365	19021696	357047408	153.91
1376436178083	65365	19021696	357482608	158.01
1376436179084	65365	19021696	357846000	156.84
1376436180085	65365	19021696	358173976	155.48
1376436181085	65365	19021696	358511856	154.95
1376436182086	65365	19021696	358953584	157.04
1376436183086	65365	19021696	359327856	160.87
1376436184088	65365	19021696	359649904	152.50
1376436185089	65365	19021696	360047184	156.80
1376436186090	65365	19021696	360418032	157.40
1376436187090	65365	19021696	360759664	156.64
1376436188091	65365	19021696	361103472	152.59
1376436189091	65365	19021696	361531224	158.52
1376436190092	65365	19021696	361864072	158.11
1376436191093	65365	19021696	362265456	155.97
1376436192093	65365	19021696	362633200	155.36
1376436193094	65365	19021696	362963952	154.87
1376436194094	65365	19021696	363325168	152.67
1376436195095	65365	19021696	363671152	150.32
1376436196096	65365	19021696	364008432	149.76
1376436197096	65365	19021696	364378352	149.30
1376436198097	65365	19021696	364750448	150.24
1376436199098	65365	19021696	365063792	145.77
1376436200099	65365	19021696	365416304	148.20
1376436201099	65365	19021696	365797104	149.01
1376436202100	65365	19021696	366169200	151.32
1376436203100	65365	19021696	366519536	149.11
1376436204101	65365	19021696	366924272	153.79
1376436205102	65365	19021696	367241968	153.58
1376436206102	65365	19021696	367598832	151.23
1376436207103	65365	19021696	367936112	151.76
1376436208104	65365	19021696	368323440	152.50
1376436209104	65365	19021696	368695536	152.11
1376436210105	65365	19021696	369089392	153.00
1376436211105	65365	19021696	369426672	153.26
1376436212106	65365	19021696	369805296	151.52
1376436213107	65365	19021696	370164336	150.74
1376436214108	65365	19021696	370521200	151.74
1376436215108	65365	19021696	370904176	154.78
1376436216109	65365	19021696	371263216	153.58
1376436217109	65365	19021696	371598544	153.28
1376436218110	65365	19021696	371992176	152.39
1376436219110	65365	19021696	372349040	151.31
1376436220112	65365	19021696	372725488	152.05
1376436221113	65365	19021696	373108944	153.70
1376436222113	65365	19021696	373434864	153.93
1376436223114	65365	19021696	373846128	157.77
1376436224114	65365	19021696	374205168	155.37
1376436225115	65365	19021696	374559856	153.57
1376436226115	65365	19021696	374877552	152.37
1376436227116	65365	19021696	375247472	149.15
1376436228117	65365	19021696	375621744	154.57
1376436229118	65365	19021696	376028656	153.93
1376436230119	65365	19021696	376433392	158.48
1376436231119	65365	19021696	376763800	157.99
1376436232119	65365	19021696	377147120	157.26
1376436233120	65365	19021696	377537552	157.35
1376436234120	65365	19021696	377901616	155.14
1376436235121	65365	19021696	378224240	154.56
1376436236121	65365	19021696	378578928	151.54
1376436237122	65365	19021696	378957552	152.91
1376436238122	65365	19021696	379334000	154.24
1376436239123	65365	19021696	379695216	154.46
1376436240123	65365	19021696	380062960	154.52
1376436241130	65365	19021696	380430704	153.76
1376436242131	65365	19021696	380761456	152.76
1376436243131	65365	19021696	381144432	152.81
1376436244131	65365	19021696	381501296	156.77
1376436245132	65365	19021696	381868944	157.18
1376436246133	65365	19021696	382221552	151.82
1376436247133	65365	19021696	382619760	154.59
1376436248134	65365	19021696	382974448	156.93
1376436249134	65365	19021696	383357424	157.17
1376436250143	65365	19021696	383696880	151.89
1376436251144	65365	19021696	384045040	153.09
1376436252144	65365	19021696	384416112	153.81
1376436253145	65365	19021696	384817520	155.04
1376436254146	65365	19021696	385174384	156.95
1376436255146	65365	19021696	385539952	154.61
1376436256147	65365	19021696	385885936	155.27
1376436257147	65365	19021696	386223216	155.99
1376436258148	65365	19021696	386604016	156.75
1376436259149	65365	19021696	386963056	151.24
1376436260150	65365	19021696	387328624	153.15
1376436261151	65365	19021696	387665904	149.99
1376436262152	65365	19021696	388044528	150.97
1376436263153	65365	19021696	388401392	154.60
1376436264153	65365	19021696	388780016	152.74
1376436265154	65365	19021696	389130352	151.38
1376436266155	65365	19021696	389500272	153.37
1376436267155	65365	19021696	389860376	156.24
1376436268155	65365	19021696	390198712	154.04
1376436269156	65365	19021696	390572424	152.94
1376436270156	65365	19021696	390960368	154.98
1376436271157	65365	19021696	391258480	148.61
1376436272158	65365	19021696	391647416	155.60
1376436273158	65365	19021696	392048368	155.13
1376436274159	65365	19021696	392407408	156.37
1376436275160	65365	19021696	392807792	156.94
1376436276160	65365	19021696	393121136	157.85
1376436277161	65365	19021696	393471472	154.67
1376436278161	65365	19021696	393843568	152.65
1376436279162	65365	19021696	394206960	152.78
1376436280163	65365	19021696	394583408	154.92
1376436281163	65365	19021696	394946800	155.76
1376436282164	65365	19021696	395255792	154.36
1376436283164	65365	19021696	395638768	155.90
1376436284174	65365	19021696	396002160	151.75
1376436285175	65365	19021696	396393840	154.35
1376436286176	65365	19021696	396744176	153.70
1376436287176	65365	19021696	397114096	156.45
1376436288177	65365	19021696	397457904	155.05
1376436289177	65365	19021696	397897456	158.84
1376436290178	65365	19021696	398243440	156.26
1376436291179	65365	19021696	398622064	157.91
1376436292179	65365	19021696	398952816	157.96
1376436293180	65365	19021696	399357552	161.34
1376436294185	65365	19021696	399742704	158.47
1376436295186	65365	19021696	400089520	159.25
1376436296186	65365	19021696	400408560	154.44
1376436297187	65365	19021696	400790376	157.66
1376436298190	65365	19021696	401172336	154.93
1376436299191	65365	19021696	401548208	155.32
1376436300192	65365	19021696	401890416	155.75
1376436301192	65365	19021696	402242928	157.98
1376436302193	65365	19021696	402606320	155.12
1376436303193	65365	19021696	402961008	155.60
1376436304194	65365	19021696	403311344	151.76
1376436305195	65365	19021696	403631216	148.10
1376436306196	65365	19021696	404046832	154.25
1376436307196	65365	19021696	404364528	155.58
1376436308197	65365	19021696	404780144	155.30
1376436309197	65365	19021696	405152240	156.37
1376436310198	65365	19021696	405491696	157.51
1376436311198	65365	19021696	405892080	158.03
1376436312199	65365	19021696	406227184	158.22
1376436313199	65365	19021696	406579696	158.73
1376436314200	65365	19021696	406967024	157.23
1376436315201	65365	19021696	407350000	155.80
1376436316202	65365	19021696	407726448	160.67
1376436317202	65365	19021696	408144240	161.36
1376436318203	65365	19021696	408461936	159.60
1376436319204	65365	19021696	408838384	159.84
1376436320205	65365	19021696	409219184	157.83
1376436321206	65365	19021696	409567344	156.60
1376436322206	65365	19021696	409940400	158.50
1376436323207	65365	19021696	410311536	159.48
1376436324207	65365	19021696	410659696	157.80
1376436325208	65365	19021696	411040496	156.50
1376436326209	65365	19021696	411399536	157.53
1376436327209	65365	19021696	411760752	155.98
1376436328210	65365	19021696	412161288	161.10
1376436329211	65365	19021696	412509296	157.97
1376436330211	65365	19021696	412868336	154.60
1376436331212	65365	19021696	413242608	157.89
1376436332212	65365	19021696	413579888	157.01
1376436333213	65365	19021696	413958512	157.45
1376436334213	65365	19021696	414317560	156.42
1376436335213	65365	19021696	414676592	155.79
1376436336214	65365	19021696	415040680	156.96
1376436337214	65365	19021696	415372912	157.01
1376436338215	65365	19021696	415785136	157.95
1376436339215	65365	19021696	416132336	157.11
1376436340216	65365	19021696	416484848	157.36
1376436341217	65365	19021696	416852592	156.23
1376436342217	65365	19021696	417246448	157.40
1376436343218	65365	19021696	417583728	154.50
1376436344218	65365	19021696	417971056	156.20
1376436345219	65365	19021696	418325744	154.49
1376436346219	65365	19021696	418609888	153.70
1376436347220	65365	19021696	418967664	152.05
1376436348220	65365	19021696	419346288	151.36
1376436349221	65365	19021696	419670512	152.24
1376436350221	65365	19021696	420090480	155.56
1376436351222	65365	19021696	420443784	158.43
1376436352222	65365	19021696	420834672	156.85
1376436353223	65365	19021696	421206768	157.20
1376436354224	65365	19021696	421552752	157.92
1376436355224	65365	19021696	421898736	157.65
1376436356225	65365	19021696	422305648	158.76
1376436357225	65365	19021696	422634224	156.80
1376436358226	65365	19021696	423032432	157.93
1376436359226	65365	19021696	423408880	158.61
1376436360227	65365	19021696	423743984	158.33
1376436361227	65365	19021696	424118256	159.01
1376436362228	65365	19021696	424479472	157.07
1376436363229	65365	19021696	424805872	155.54
1376436364231	65365	19021696	425210608	156.23
1376436365232	65365	19021696	425565296	157.20
1376436366232	65365	19021696	425919080	160.14
1376436367233	65365	19021696	426292080	159.91
1376436368233	65365	19021696	426635888	158.61
1376436369234	65365	19021696	426977520	156.69
1376436370234	65365	19021696	427362672	154.55
1376436371235	65365	19021696	427721712	156.86
1376436372235	65365	19021696	428082928	153.95
1376436373236	65365	19021696	428437616	158.66
1376436374243	65365	19021696	428840176	156.95
1376436375244	65365	19021696	429212272	160.48
1376436376245	65365	19021696	429571312	156.53
1376436377246	65365	19021696	429982576	161.19
1376436378246	65365	19021696	430287216	158.75
1376436379247	65365	19021696	430650608	157.70
1376436380248	65365	19021696	431050992	160.07
1376436381248	65365	19021696	431399152	158.54
1376436382249	65365	19021696	431814768	162.60
1376436383249	65365	19021696	432112880	155.87
1376436384250	65365	19021696	432480624	158.70
1376436385250	65365	19021696	432857072	156.15
1376436386251	65365	19021696	433207408	156.44
1376436387252	65365	19021696	433581680	161.21
1376436388252	65365	19021696	433940720	158.91
1376436389253	65365	19021696	434330224	161.04
1376436390253	65365	19021696	434684912	157.70
1376436391254	65365	19021696	435037424	158.62
1376436392254	65365	19021696	435459568	162.12
1376436393255	65365	19021696	435796848	157.93
1376436394256	65365	19021696	436145008	161.53
1376436395256	65365	19021696	436501872	161.28
1376436396257	65365	19021696	436913136	160.50
1376436397257	65365	19021696	437214600	158.98
1376436398258	65365	19021696	437600752	156.48
1376436399258	65365	19021696	437927152	153.35
1376436400259	65365	19021696	438294896	154.99
1376436401260	65365	19021696	438710512	159.47
1376436402261	65365	19021696	439034736	159.94
1376436403261	65365	19021696	439387248	157.98
1376436404262	65365	19021696	439724528	154.78
1376436405263	65365	19021696	440070512	156.92
1376436406264	65365	19021696	440452536	158.49
1376436407264	65365	19021696	440825584	156.19
1376436408265	65365	19021696	441193328	156.25
1376436409266	65365	19021696	441571952	157.45
1376436410266	65365	19021696	441939696	158.11
1376436411267	65365	19021696	442270448	156.94
1376436412267	65365	19021696	442668656	159.69
1376436413268	65365	19021696	442975472	153.88
1376436414268	65365	19021696	443315352	153.58
1376436415269	65365	19021696	443704432	155.25
1376436416269	65365	19021696	444078704	156.25
1376436417270	65365	19021696	444426864	158.16
1376436418270	65365	19021696	444807664	157.32
1376436419271	65365	19021696	445149296	160.33
1376436420271	65365	19021696	445527920	157.57
1376436421271	65365	19021696	445880432	157.76
1376436422272	65365	19021696	446219344	157.96
1376436423272	65365	19021696	446598992	156.34
1376436424273	65365	19021696	446992848	161.76
1376436425273	65365	19021696	447340880	161.32
1376436426274	65365	19021696	447680464	160.24
1376436427274	65365	19021696	448099984	159.61
1376436428275	65365	19021696	448420304	157.73
1376436429276	65365	19021696	448761936	156.44
1376436430276	65365	19021696	449131856	155.30
1376436431277	65365	19021696	449497424	156.60
1376436432278	65365	19021696	449889104	158.99
1376436433278	65365	19021696	450222032	157.51
1376436434279	65365	19021696	450578896	159.44
1376436435279	65365	19021696	451001040	160.97
1376436436280	65365	19021696	451362256	160.37
1376436437280	65365	19021696	451706160	160.94
1376436438281	65365	19021696	452071632	157.49
1376436439281	65365	19021696	452428496	159.26
1376436440282	65365	19021696	452767952	157.22
1376436441283	65365	19021696	453140048	155.72
1376436442284	65365	19021696	453523024	158.25
1376436443284	65365	19021696	453879888	157.53
1376436444285	65365	19021696	454236752	156.77
1376436445286	65365	19021696	454584672	159.36
1376436446286	65365	19021696	454954832	158.09
1376436447287	65365	19021696	455277560	157.67
1376436448287	65365	19021696	455640272	156.39
1376436449288	65365	19021696	455999312	153.71
1376436450289	65365	19021696	456366544	158.02
1376436451289	65365	19021696	456710864	155.35
1376436452290	65365	19021696	457045968	156.93
1376436453290	65365	19021696	457431120	158.28
1376436454292	65365	19021696	457781456	158.37
1376436455292	65365	19021696	458136144	159.45
1376436456293	65365	19021696	458497360	155.23
1376436457293	65365	19021696	458879168	159.42
1376436458294	65365	19021696	459269840	159.24
1376436459294	65365	19021696	459637584	159.45
1376436460295	65365	19021696	459970512	157.39
1376436461295	65365	19021696	460301392	157.28
1376436462296	65365	19021696	460669008	158.27
1376436463296	65365	19021696	461043280	157.38
1376436464297	65365	19021696	461387088	155.02
1376436465298	65365	19021696	461739600	158.39
1376436466298	65365	19021696	462111696	156.91
1376436467299	65365	19021696	462470736	158.23
1376436468299	65365	19021696	462821072	157.36
1376436469300	65365	19021696	463171408	154.88
1376436470300	65365	19021696	463499984	155.59
1376436471301	65365	19021696	463843792	154.72
1376436472301	65365	19021696	464211536	152.11
1376436473302	65365	19021696	464574928	154.19
1376436474302	65365	19021696	464920912	154.38
1376436475303	65365	19021696	465273176	156.55
1376436476303	65365	19021696	465641168	155.93
1376436477304	65365	19021696	465991504	157.88
1376436478304	65365	19021696	466352720	156.13
1376436479306	65365	19021696	466729168	156.64
1376436480307	65365	19021696	467044688	153.13
1376436481308	65365	19021696	467386320	155.75
1376436482308	65365	19021696	467705040	154.13
1376436483309	65365	19021696	468113104	154.24
1376436484310	65365	19021696	468497968	157.66
1376436485311	65365	19021696	468815952	154.13
1376436486311	65365	19021696	469209808	158.64
1376436487313	65365	19021696	469577552	157.70
1376436488314	65365	19021696	469914832	159.23
1376436489314	65365	19021696	470265168	156.53
1376436490315	65365	19021696	470613328	155.95
1376436491315	65365	19021696	470965840	154.33
1376436492316	65365	19021696	471309648	154.51
1376436493316	65365	19021696	471625168	152.63
1376436494317	65365	19021696	472031192	157.90
1376436495317	65365	19021696	472378064	157.27
1376436496318	65365	19021696	472774096	162.13
1376436497319	65365	19021696	473148368	159.57
1376436498319	65365	19021696	473505232	159.31
1376436499321	65365	19021696	473846864	156.06
1376436500322	65365	19021696	474212432	159.48
1376436501322	65365	19021696	474593232	159.78
1376436502323	65365	19021696	474969680	160.76
1376436503323	65365	19021696	475322032	159.80
1376436504325	65365	19021696	475676880	158.32
1376436505325	65365	19021696	476005456	155.25
1376436506326	65365	19021696	476353616	155.21
1376436507326	65365	19021696	476695248	157.98
1376436508327	65365	19021696	477034704	157.28
1376436509327	65365	19021696	477445968	158.46
1376436510328	65365	19021696	477781072	159.29
1376436511328	65365	19021696	478140112	156.88
1376436512329	65365	19021696	478538320	159.40
1376436513329	65365	19021696	478849488	157.14
1376436514330	65365	19021696	479208528	157.76
1376436515331	65365	19021696	479554512	157.45
1376436516332	65365	19021696	479921456	161.12
1376436517332	65365	19021696	480276944	157.23
1376436518333	65365	19021696	480640336	158.40
1376436519334	65365	19021696	480995024	155.77
1376436520335	65365	19021696	481358416	157.50
1376436521335	65365	19021696	481747992	162.38
1376436522335	65365	19021696	482069968	158.10
1376436523336	65365	19021696	482470352	159.40
1376436524336	65365	19021696	482820688	160.17
1376436525337	65365	19021696	483188432	159.19
1376436526341	65365	19021696	483573584	160.89
1376436527342	65365	19021696	483947856	161.83
1376436528342	65365	19021696	484324304	164.75
1376436529343	65365	19021696	484683344	161.00
1376436530344	65365	19021696	485018448	163.32
1376436531344	65365	19021696	485366608	158.13
1376436532344	65365	19021696	485745232	160.39
1376436533345	65365	19021696	486104272	161.22
1376436534345	65365	19021696	486417616	158.62
1376436535346	65365	19021696	486813648	161.35
1376436536346	65365	19021696	487137872	160.77
1376436537347	65365	19021696	487527376	159.00
1376436538347	65365	19021696	487862480	158.70
1376436539348	65365	19021696	488258512	158.99
1376436540348	65365	19021696	488587088	160.62
1376436541350	65365	19021696	488939600	157.24
1376436542350	65365	19021696	489300816	157.57
1376436543351	65365	19021696	489683792	158.08
1376436544351	65365	19021696	490038480	157.80
1376436545352	65365	19021696	490406224	159.06
1376436546352	65365	19021696	490706512	154.08
1376436547359	65365	19021696	491111248	157.47
1376436548360	65365	19021696	491457232	159.47
1376436549360	65365	19021696	491820624	159.45
1376436550361	65365	19021696	492164432	157.75
1376436551361	65365	19021696	492504832	159.19
1376436552362	65365	19021696	492891216	159.09
1376436553362	65365	19021696	493237200	158.21
1376436554363	65365	19021696	493602768	157.72
1376436555364	65365	19021696	493983568	160.37
1376436556365	65365	19021696	494346960	159.80
1376436557365	65365	19021696	494671184	159.99
1376436558365	65365	19021696	495056336	159.24
1376436559366	65365	19021696	495384912	158.33
1376436560367	65365	19021696	495741776	156.52
1376436561367	65365	19021696	496089936	158.96
1376436562368	65365	19021696	496477264	160.34
1376436563368	65365	19021696	496813448	157.92
1376436564369	65365	19021696	497177408	160.23
1376436565370	65365	19021696	497549712	162.11
1376436566370	65365	19021696	497928656	161.86
1376436567371	65365	19021696	498263760	160.66
1376436568372	65365	19021696	498624976	163.89
1376436569372	65365	19021696	499042768	165.05
1376436570373	65365	19021696	499401808	163.98
1376436571373	65365	19021696	499726032	162.98
1376436572374	65365	19021696	500091600	162.93
1376436573375	65365	19021696	500448464	159.05
1376436574375	65365	19021696	500853200	162.81
1376436575376	65365	19021696	501186128	163.44
1376436576376	65365	19021696	501516880	162.57
1376436577377	65365	19021696	501917264	162.51
1376436578377	65365	19021696	502287576	164.12
1376436579378	65365	19021696	502646224	162.34
1376436580379	65365	19021696	503008752	160.49
1376436581379	65365	19021696	503358248	164.32
1376436582380	65365	19021696	503742928	163.84
1376436583380	65365	19021696	504104872	166.20
1376436584381	65365	19021696	504469712	162.16
1376436585381	65365	19021696	504783056	161.65
1376436586382	65365	19021696	505198672	162.00
1376436587383	65365	19021696	505562064	165.21
1376436588383	65365	19021696	505966800	165.49
1376436589383	65365	19021696	506297552	164.38
1376436590384	65365	19021696	506676176	163.52
1376436591384	65365	19021696	507050448	164.71
1376436592385	65365	19021696	507379024	161.87
1376436593385	65365	19021696	507748944	161.92
1376436594386	65365	19021696	508126416	163.05
1376436595387	65365	19021696	508470336	161.96
1376436596387	65365	19021696	508780368	156.85
1376436597388	65365	19021696	509172048	160.16
1376436598389	65365	19021696	509470160	158.37
1376436599389	65365	19021696	509856336	159.46
1376436600389	65365	19021696	510214352	160.05
1376436601390	65365	19021696	510519416	158.80
1376436602390	65365	19021696	510878032	155.84
1376436603391	65365	19021696	511282768	158.88
1376436604392	65365	19021696	511656240	162.13
1376436605393	65365	19021696	512020432	160.48
1376436606393	65365	19021696	512405584	163.36
1376436607394	65365	19021696	512705872	159.12
1376436608395	65365	19021696	513093168	160.58
1376436609395	65365	19021696	513450064	160.27
1376436610396	65365	19021696	513793872	158.30
1376436611396	65365	19021696	514137680	158.02
1376436612396	65365	19021696	514474960	157.29
1376436613397	65365	19021696	514838352	159.90
1376436614397	65365	19021696	515153872	156.40
1376436615398	65365	19021696	515580816	161.28
1376436616398	65365	19021696	515893712	160.38
1376436617399	65365	19021696	516230992	158.50
1376436618399	65365	19021696	516624848	159.09
1376436619400	65365	19021696	516951248	158.77
1376436620400	65365	19021696	517312464	160.11
1376436621401	65365	19021696	517699792	158.99
1376436622402	65365	19021696	518047952	159.89
1376436623403	65365	19021696	518393936	160.97
1376436624403	65365	19021696	518755152	162.04
1376436625404	65365	19021696	519133776	160.86
1376436626405	65365	19021696	519494992	160.71
1376436627405	65365	19021696	519832272	159.41
1376436628406	65365	19021696	520215248	160.82
1376436629407	65365	19021696	520585168	161.57
1376436630411	65365	19021696	520918096	158.31
1376436631412	65365	19021696	521240144	156.84
1376436632413	65365	19021696	521592656	157.86
1376436633414	65365	19021696	521969104	157.06
1376436634415	65365	19021696	522339024	163.57
1376436635416	65365	19021696	522687184	157.33
1376436636417	65365	19021696	523052752	159.28
1376436637417	65365	19021696	523429200	163.31
1376436638418	65365	19021696	523781712	160.53
1376436639418	65365	19021696	524186448	163.92
1376436640419	65365	19021696	524497616	163.73
1376436641419	65365	19021696	524880592	162.89
1376436642420	65365	19021696	525239632	161.83
1376436643420	65365	19021696	525583440	163.58
1376436644421	65365	19021696	525925072	161.94
1376436645422	65365	19021696	526268880	160.72
1376436646422	65365	19021696	526640976	160.40
1376436647423	65365	19021696	527000016	159.50
1376436648423	65365	19021696	527341648	159.69
1376436649424	65365	19021696	527712728	163.59
1376436650425	65365	19021696	528092368	160.13
1376436651425	65365	19021696	528442704	163.13
1376436652426	65365	19021696	528836560	162.99
1376436653427	65365	19021696	529178192	160.77
1376436654428	65365	19021696	529491536	160.78
1376436655429	65365	19021696	529852752	157.06
1376436656430	65365	19021696	530183504	160.30
1376436657430	65365	19021696	530549072	158.71
1376436658430	65365	19021696	530942928	162.33
1376436659431	65365	19021696	531258448	157.97
1376436660431	65365	19021696	531648856	162.38
1376436661432	65365	19021696	532000464	160.76
1376436662433	65365	19021696	532350800	158.93
1376436663434	65365	19021696	532679376	157.66
1376436664434	65365	19021696	533038416	159.04
1376436665435	65365	19021696	533341136	159.40
1376436666436	65365	19021696	533749968	158.81
1376436667437	65365	19021696	534111184	161.31
1376436668437	65365	19021696	534487632	161.81
1376436669438	65365	19021696	534846672	163.23
1376436670438	65365	19021696	535201360	163.14
1376436671439	65365	19021696	535558896	161.76
1376436672440	65365	19021696	535891152	158.01
1376436673441	65365	19021696	536248704	163.00
1376436674594	65365	19021696	536591824	162.72
1376436676403	65365	19021696	7525280	127.85
1376436677403	65365	19021696	7939872	133.96
1376436678404	65365	19021696	8322848	142.80
1376436679404	65365	19021696	8736288	152.34
1376436680405	65365	19021696	9114912	153.27
1376436681405	65365	19021696	9550112	161.72
1376436682406	65365	19021696	9983136	166.11
1376436683407	65365	19021696	10387872	168.94
1376436684408	65365	19021696	10799136	173.44
1376436685408	65365	19021696	11223456	177.05
1376436686408	65365	19021696	11619488	177.88
1376436687409	65365	19021696	12032928	176.57
1376436688409	65365	19021696	12459424	180.80
1376436689410	65365	19021696	12859808	178.53
1376436690411	65365	19021696	13210144	176.76
1376436691411	65365	19021696	13634464	177.24
1376436692412	65365	19021696	13989152	175.98
1376436693412	65365	19021696	14424352	177.77
1376436694412	65365	19021696	14831264	180.54
1376436695413	65365	19021696	15264000	181.35
1376436696413	65365	19021696	15634208	180.89
1376436697414	65365	19021696	16015008	177.18
1376436698414	65365	19021696	16469792	182.04
1376436699415	65365	19021696	16831008	180.56
1376436700415	65365	19021696	17268384	181.83
1376436701416	65365	19021696	17647008	178.97
1376436702417	65365	19021696	18053920	182.85
1376436703417	65365	19021696	18452128	181.59
1376436704418	65365	19021696	18813344	179.08
1376436705418	65365	19021696	19237664	178.91
1376436706419	65365	19021696	19620640	180.25
1376436707419	65365	19021696	20036256	180.46
1376436708420	65365	19021696	20443168	179.40
1376436709420	65365	19021696	20850080	182.62
1376436710421	65365	19021696	21293984	184.53
1376436711421	65365	19021696	21679136	186.27
1376436712422	65365	19021696	22107808	183.92
1376436713423	65365	19021696	22538656	185.78
1376436714432	65365	19021696	22912928	182.35
1376436715433	65365	19021696	23326368	184.31
1376436716433	65365	19021696	23720224	183.73
1376436717433	65365	19021696	24109728	184.27
1376436718434	65365	19021696	24525344	183.26
1376436719434	65365	19021696	24923552	181.07
1376436720435	65365	19021696	25295648	177.92
1376436721435	65365	19021696	25722144	180.32
1376436722445	65365	19021696	26107296	178.93
1376436723446	65365	19021696	26516384	180.71
1376436724446	65365	19021696	26910240	180.84
1376436725447	65365	19021696	27344384	181.87
1376436726448	65365	19021696	27732768	182.17
1376436727448	65365	19021696	28089632	179.05
1376436728448	65365	19021696	28472608	178.42
1376436729449	65365	19021696	28877344	179.44
1376436730450	65365	19021696	29334304	182.21
1376436731451	65365	19021696	29736864	183.74
1376436732451	65365	17068800	29987104	169.52
1376436733452	65365	17068800	30135072	151.97
1376436734452	65365	17068800	30228640	130.89
1376436735453	65365	17068800	30372256	120.13
1376436736453	65365	17068800	30535456	111.94
1376436737453	65365	16148416	30648608	103.18
1376436738454	65365	16148416	30790048	93.37
1376436739454	65365	16148416	30935840	88.68
1376436740454	65365	16148416	31031584	82.57
1376436741455	65365	16148416	31177376	76.83
1376436742456	65365	15277696	31342752	76.56
1376436743456	65365	15277696	31421088	68.87
1376436744459	65365	15277696	31597344	70.50
1376436745460	65365	15277696	31671328	64.59
1376436746460	65365	15277696	31819296	63.98
1376436747461	65365	14477952	31875872	58.73
1376436748461	65365	14477952	32006432	58.34
1376436749462	65365	14477952	32130464	60.28
1376436750462	65365	14477952	32230560	55.74
1376436751465	65365	14477952	32369824	56.62
1376436752465	65365	13073024	32465568	57.38
1376436753466	65365	13073024	32611360	55.61
1376436754466	65365	13073024	32709280	55.77
1376436755467	65365	13073024	32837664	54.74
1376436756467	65365	13073024	32909472	50.42
1376436757469	65365	11907648	33018272	53.17
1376436758470	65365	11907648	33144480	53.16
1376436759470	65365	11907648	33309856	54.56
1376436760470	65365	11907648	33383840	50.24
1376436761471	65365	11907648	33529632	52.38
1376436762472	65365	11048896	33605792	53.32
1376436763472	65365	11048896	33718944	50.02
1376436764473	65365	11048896	33853856	51.17
1376436765473	65365	11048896	33990944	54.45
1376436766473	65365	11048896	34082336	50.31
1376436767474	65365	10500032	34234656	55.05
1376436768475	65365	10500032	34326048	52.96
1376436769476	65365	10500032	34484896	58.02
1376436770477	65365	10500032	34587168	56.12
1376436771478	65365	10500032	34724256	57.61
1376436772478	65365	10263744	34841760	53.82
1376436773478	65365	10263744	34996256	57.52
1376436774479	65365	10263744	35096352	56.21
1376436775479	65365	10263744	35211680	54.91
1376436776480	65365	10263744	35327008	54.31
1376436777480	65365	3593152	35418400	56.16
1376436778480	67166	2097024	36408480	128.22
1376436779481	68983	2601664	37473760	188.76
1376436780481	70892	3162240	38559616	245.04
1376436781481	72759	3677568	39596320	287.13
1376436782482	74610	4202496	40653856	320.73
1376436783482	76473	4733760	41683104	347.75
1376436784486	78350	5250240	42703648	369.74
1376436785487	80237	5765440	43722016	387.31
1376436786488	82081	6281728	44709920	401.75
1376436787488	83932	6779648	45734984	410.77
1376436788491	85757	7272576	46712008	416.23
1376436789506	87656	7801088	47728200	424.95
1376436790507	89207	8207104	48522536	414.45
1376436791507	91038	8680192	49490856	418.41
1376436792509	92818	9133184	50356904	416.31
1376436793510	94607	9612160	51303464	418.06
1376436794510	96369	10044608	52173864	415.03
1376436795510	98132	10476032	53031208	410.87
1376436796511	99873	10893824	53851560	404.89
1376436797511	101599	11308352	54676264	399.66
1376436798511	103326	11719808	55466152	394.97
1376436799512	105046	12128896	56327848	390.87
1376436800512	106732	12517184	57074216	384.29
1376436801513	108432	12920384	57883688	380.21
1376436802513	110141	13293952	58603944	372.04
1376436803513	111810	13652544	59304616	363.29
1376436804514	113512	14018112	60018344	357.55
1376436805514	115194	14374080	60745128	351.56
1376436806514	116441	14368384	61149864	322.62
1376436807515	117897	14616064	61630760	304.44
1376436808515	119553	14944192	62277032	301.80
1376436809517	121234	15241472	62910888	300.02
1376436810518	122862	15555136	63489896	293.58
1376436811518	124525	15824960	64057000	288.30
1376436812518	126129	16126080	64614056	285.49
1376436813519	127738	16442304	65249448	282.56
1376436814525	128879	16613504	65615016	260.99
1376436815525	128879	16613504	65643304	218.28
1376436816526	128879	16613504	65708584	181.70
1376436817526	128879	16613504	65730344	154.76
1376436818527	128879	16613504	65787680	128.34
1376436819527	128879	16613504	65850784	109.34
1376436820528	128879	16613504	65874720	95.32
1376436821528	128879	16613504	65929120	79.84
1376436822529	128879	16613504	65974816	69.46
1376436823529	128879	16613504	66053152	63.11
1376436824529	128879	16613504	66116256	56.07
1376436825530	128879	16613504	66133664	48.11
1376436826530	128879	16613504	66192688	43.72
1376436827531	128879	16613504	66249264	40.79
1376436828531	128879	16613504	66275592	38.60
1376436829531	128879	16613504	66338984	33.57
1376436830532	128879	16613504	66367272	33.25
1376436831532	128879	16613504	66433032	28.69
1376436832532	128879	16613504	66509192	29.41
1376436833533	128879	16613504	66554888	30.08
1376436834533	128879	16613504	66602760	28.82
1376436835533	128879	16613504	66659336	28.00
1376436836534	128879	16613504	66722440	28.12
1376436837534	128879	16613504	66722440	23.03
1376436838534	128879	16613504	66800776	25.09
1376436839535	128879	16613504	66846472	26.14
1376436840535	128879	16613504	66881288	25.60
1376436841535	128879	16613504	66922632	23.58
1376436842536	128879	16613504	66985736	22.42
1376436843537	128879	16613504	67044488	23.14
1376436844537	128879	16613504	67107592	24.35
1376436845538	128879	16613504	67161992	25.73
1376436846538	128879	16613504	67161992	21.47
1376436847538	128879	16613504	67246856	23.74
1376436848539	128879	16613504	67272968	24.84
1376436849539	128879	16613504	67340424	22.30
1376436850539	128879	16613504	67390472	24.46
1376436851540	128879	16613504	67451400	24.63
1376436852540	128879	16613504	67468808	25.76
1376436853540	128879	16613504	67536264	22.40
1376436854541	128879	16613504	67573256	24.54
1376436855541	128879	16613504	67627656	22.88
1376436856541	128879	16613504	67673352	23.55
1376436857542	128879	16613504	67749512	25.35
1376436858542	128879	16613504	67803912	25.16
1376436859543	128879	16613504	67803912	20.60
1376436860543	128879	16613504	67904008	23.56
1376436861543	128879	16613504	67904008	19.29
1376436862544	128879	16613504	67982344	22.61
1376436863544	128879	16613504	68019336	24.11
1376436864545	128879	16613504	68091144	22.53
1376436865545	128879	16613504	68093320	21.44
1376436866545	128879	16613504	68165128	20.67
1376436867546	128879	16613504	68243464	24.72
1376436868546	128879	16613504	68243464	20.57
1376436869546	128879	16613504	68339208	24.82
1376436870547	128879	16613504	68339208	21.52
1376436871547	128879	16613504	68411016	21.06
1376436872548	128879	16613504	68485000	24.73
1376436873548	128879	16613504	68530696	25.60
1376436874548	128879	16613504	68578568	25.32
1376436875549	128879	16613504	68630792	25.13
1376436876549	128879	16613504	68674312	25.18
1376436877549	128879	16613504	68711304	24.78
1376436878550	128879	16613504	68772232	23.68
1376436879551	128879	16613504	68809224	24.99
1376436880552	128879	16613504	68848392	23.86
1376436881552	128879	16613504	68894088	22.48
1376436882552	128879	16613504	68937608	21.85
1376436883552	128879	16613504	69002888	21.16
1376436884553	128879	16613504	69076872	24.29
1376436885553	128879	16613504	69144328	25.25
1376436886554	128879	16613504	69144328	20.67
1376436887554	128879	16613504	69203080	22.07
1376436888554	128879	16613504	69227016	24.07
1376436889555	128879	16613504	69283592	21.02
1376436890555	128879	16613504	69357576	23.03
1376436891556	128879	16613504	69416328	24.06
1376436892556	128879	16613504	69488136	25.10
1376436893556	128879	16613504	69488136	20.55
1376436894557	128879	16613504	69562120	24.43
1376436895557	128879	16613504	69633928	24.60
1376436896557	128879	16613504	69633928	20.14
1376436897558	128879	16613504	69707912	22.89
1376436898558	128879	16613504	69771016	24.54
1376436899562	128879	16613504	69771016	20.09
1376436900562	128879	16613504	69866760	23.40
1376436901563	128879	16613504	69866760	19.16
1376436902563	128879	16613504	69914632	21.09
1376436903569	128879	16613504	69969032	20.87
1376436904569	128879	16613504	70064776	23.98
1376436905569	128879	16613504	70064776	19.63
1376436906570	128879	16613504	70143112	22.59
1376436907570	128879	16613504	70171400	23.44
1376436908570	128879	16613504	70236680	22.12
1376436909571	128879	16613504	70284552	24.11
1376436910571	128879	16613504	70338952	24.14
1376436911572	128879	16613504	70338952	20.36
1376436912572	128879	16613504	70417288	22.57
1376436913572	128879	16613504	70460808	22.59
1376436914573	128879	16613504	70558728	24.77
1376436915573	128879	16613504	70558728	20.44
1376436916573	128879	16613504	70608776	21.48
1376436917574	128879	16613504	70689288	24.16
1376436918574	128879	16613504	70756744	24.27
1376436919574	128879	16613504	70756744	19.87
1376436920575	128879	16613504	70813320	21.34
1376436921575	128879	16613504	70848136	21.91
1376436922575	128879	16613504	70915592	20.56
1376436923576	128879	16613504	70998280	24.33
1376436924576	128879	16613504	70998280	19.92
1376436925580	128879	16613504	71072264	22.71
1376436926580	128879	16613504	71100552	23.99
1376436927581	128879	16613504	71168008	21.77
1376436928581	128879	16613504	71198472	24.03
1376436929581	128879	16613504	71270280	21.96
1376436930582	128879	16613504	71307272	24.58
1376436931582	128879	16613504	71355144	23.05
1376436932583	128879	16613504	71437832	24.97
1376436933583	128879	16613504	71455240	22.41
1376436934583	128879	16613504	71524872	22.44
1376436935583	128879	16613504	71557512	24.77
1376436936584	128879	16613504	71627144	23.10
1376436937584	128879	16613504	71640200	21.31
1376436938584	128879	16613504	71705480	21.74
1376436939585	128879	16613504	71779464	24.40
1376436940585	128879	16613504	71805576	22.52
1376436941586	128879	16613504	71862152	23.30
1376436942586	128879	16613504	71929608	24.28
1376436943586	128879	16613504	71929608	20.47
1376436944587	128879	16613504	71988360	21.35
1376436945587	128879	16613504	72088456	25.30
1376436946587	128879	16613504	72088456	20.71
1376436947588	128879	16613504	72179848	24.71
1376436948592	128879	16613504	72179848	20.43
1376436949593	128879	16613504	72273896	23.98
1376436950593	128879	16613504	72300008	22.84
1376436951597	128879	16613504	72347880	22.99
1376436952598	128879	16613504	72434920	25.30
1376436953598	128879	16613504	72434920	21.04
1376436954602	128879	16613504	72532840	23.88
1376436955611	128879	16613504	72538600	20.55
1376436956611	128879	16613504	72611176	21.90
1376436957612	128879	16613504	72674280	24.53
1376436958612	128879	16613504	72674280	21.09
1376436959612	128879	16613504	72737384	21.19
1376436960613	128879	16613504	72813952	24.48
1376436961613	128879	16613504	72848344	24.81
1376436962613	128879	16613504	72907472	22.60
1376436963614	128879	16613504	72948816	23.80
1376436964614	128879	16613504	72996688	22.59
1376436965614	128879	16613504	73068496	22.10
1376436966615	128879	16613504	73125072	24.70
1376436967615	128879	16613504	73149008	25.02
1376436968615	128879	16613504	73208080	22.65
1376436969616	128879	16613504	73254680	23.44
1376436970616	128879	16613504	73289496	22.99
1376436971616	128879	16613504	73341720	21.44
1376436972617	128879	16613504	73395208	21.48
1376436973617	128879	16613504	73439248	22.32
1376436974618	128879	16613504	73539344	24.29
1376436975618	128879	16613504	73539344	20.71
1376436976618	128879	16613504	73641616	24.48
1376436977619	128879	16613504	73641616	20.05
1376436978627	128879	16613504	73691664	21.16
1376436979628	128879	16613504	73793936	23.89
1376436980628	128879	16613504	73793936	19.56
1376436981628	128879	16613504	73846512	21.42
1376436982629	128879	16613504	73916144	21.47
1376436983629	128879	16613504	73970544	23.97
1376436984629	128879	16613504	73994480	24.63
1376436985630	128879	16613504	74044528	22.04
1376436986630	128879	16613504	74083696	21.88
1376436987633	128879	16613504	74151152	20.86
1376436988633	128879	16613504	74181616	23.28
1376436989633	128879	16613504	74233840	21.35
1376436990634	128879	16613504	74305648	21.41
1376436991634	128879	16613504	74349168	24.13
1376436992634	128879	16613504	74397040	23.76
1376436993635	128879	16613504	74431856	23.85
1376436994635	128879	16613504	74492784	22.15
1376436995636	128879	16613504	74560240	23.73
1376436996636	128879	16613504	74621168	25.63
1376436997636	128879	16613504	74621168	20.98
1376436998637	128879	16613504	74666864	21.77
1376436999637	128879	16613504	74719088	21.26
1376437000637	128879	16613504	74766960	21.34
1376437001638	128879	16613504	74827888	21.07
1376437002638	128879	16613504	74880112	22.74
1376437003638	128879	16613504	74912752	23.42
1376437004639	128879	16613504	74962800	21.63
1376437005639	128879	16613504	75062896	24.48
1376437006639	128879	16613504	75062896	20.04
1376437007640	128879	16613504	75132528	21.48
1376437008640	128879	16613504	75182576	23.99
1376437009641	128879	16613504	75226096	24.24
1376437010641	128879	16613504	75295728	23.85
1376437011641	128879	16613504	75295728	20.12
1376437012642	128879	16613504	75356656	21.22
1376437013642	128879	16613504	75411056	21.96
1376437014642	128879	16613504	75482864	22.07
1376437015643	128879	16613504	75493744	22.47
1376437016643	128879	16613504	75556848	21.02
1376437017643	128879	16613504	75624304	23.01
1376437018644	128879	16613504	75630832	24.64
1376437019644	128879	16613504	75698288	20.99
1376437020644	128879	16613504	75778800	24.19
1376437021645	128879	16613504	75778800	19.80
1376437022645	128879	16613504	75831024	21.65
1376437023645	128879	16613504	75872368	22.06
1376437024646	128879	16613504	75937648	21.17
1376437025646	128879	16613504	76015984	24.73
1376437026646	128879	16613504	76015984	20.58
1376437027647	128879	16613504	76111728	23.87
1376437028647	128879	16613504	76111728	19.94
1376437029647	128879	16613504	76183536	21.07
1376437030648	128879	16613504	76264048	24.65
1376437031648	128879	16613504	76264048	20.19
1376437032648	128879	16613504	76346736	24.53
1376437033649	128879	16613504	76407664	25.01
1376437034649	128879	16613504	76407664	20.48
1376437035649	128879	16613504	76446832	21.35
1376437036650	128879	16613504	76538224	23.23
1376437037650	128879	16613504	76605680	24.36
1376437038651	128879	16613504	76605680	19.95
1376437039651	128879	16613504	76686192	23.88
1376437040651	128879	16613504	76714480	24.48
1376437041652	128879	16613504	76766704	22.42
1376437042652	128879	16613504	76853744	25.32
1376437043652	128879	16613504	76853744	20.73
1376437044653	128879	16613504	76942960	24.32
1376437045653	128879	16613504	76964720	24.91
1376437046653	128879	16613504	77030000	22.60
1376437047654	128879	16613504	77066992	24.50
1376437048654	128879	16613504	77108336	23.35
1376437049654	128879	16613504	77212784	25.83
1376437050655	128879	16613504	77212784	21.31
1376437051655	128879	16613504	77254128	22.20
1376437052655	128879	16613504	77315056	21.28
1376437053656	128879	16613504	77415152	24.68
1376437054656	128879	16613504	77415152	20.21
1376437055656	128879	16613504	77498016	23.71
1376437056657	128879	16613504	77498016	19.61
1376437057657	128879	16613504	77552416	21.30
1376437058657	128879	16613504	77632928	24.17
1376437059658	128879	16613504	77696032	24.59
1376437060658	128879	16613504	77696032	20.13
1376437061658	128879	16613504	77779296	23.43
1376437062659	128879	16613504	77785248	20.73
1376437063659	128879	16613504	77878816	23.41
1376437064659	128879	16613504	77913632	22.77
1376437065663	128879	16613504	77959328	23.48
1376437066664	128879	16613504	78013728	23.42
1376437067664	128879	16613504	78035488	24.18
1376437068664	128879	16613504	78094240	21.43
1376437069665	128879	16613504	78159520	21.97
1376437070665	128879	16613504	78233504	24.79
1376437071665	128879	16613504	78233504	20.46
1376437072666	128879	16613504	78279200	21.50
1376437073666	128879	16613504	78342304	21.04
1376437074666	128879	16613504	78401056	22.41
1376437075667	128879	16613504	78451104	23.75
1376437076667	128879	16613504	78483744	24.04
1376437077667	128879	16613504	78538144	22.18
1376437078668	128879	16613504	78601248	22.76
1376437079668	128879	16613504	78627360	24.43
1376437080670	128879	16613504	78675232	21.97
1376437081673	128879	16613504	78736160	21.59
1376437082673	128879	16613504	78797088	22.91
1376437083673	128879	16613504	78842784	24.36
1376437084674	128879	16613504	78908064	24.14
1376437085674	128879	16613504	78958112	25.17
1376437086675	128879	16613504	78958112	22.50
1376437087677	128879	16613504	79062560	24.84
1376437088677	128879	16613504	79062560	20.34
1376437089677	128879	16613504	79116960	21.40
1376437090678	128879	16613504	79184416	21.61
1376437091678	128879	16613504	79221408	23.90
1376437092678	128879	16613504	79258400	22.96
1376437093679	128879	16613504	79306272	21.58
1376437094679	128879	16613504	79373728	21.27
1376437095679	128879	16613504	79458592	25.42
1376437096680	128879	16613504	79458592	20.81
1376437097680	128879	16613504	79539104	25.15
1376437098680	128879	16613504	79589152	24.79
1376437099681	128879	16613504	79630496	24.90
1376437100681	128879	16613504	79693600	24.18
1376437101681	128879	16613504	79719712	24.60
1376437102682	128879	16613504	79780640	23.36
1376437103682	128879	16613504	79837216	24.73
1376437104682	128879	16613504	79900320	25.44
1376437105683	128879	16613504	79900320	20.83
1376437106683	128879	16613504	79974528	24.20
1376437107684	128879	16613504	80009800	24.22
1376437108684	128879	16613504	80064200	22.52
1376437109684	128879	16613504	80120776	22.53
1376437110684	128879	16613504	80179528	23.65
1376437111685	128879	16613504	80199112	24.76
1376437112685	128879	16613504	80253512	21.82
1376437113685	128879	16613504	80329672	23.76
1376437114686	128879	16613504	80377544	24.65
1376437115686	128879	16613504	80414536	24.58
1376437116686	128879	16613504	80464584	23.53
1376437117687	128879	16613504	80518984	23.86
1376437118687	128879	16613504	80586440	24.54
1376437119687	128879	16613504	80586440	20.29
1376437120688	128879	16613504	80634312	22.92
1376437121688	128879	16613504	80747464	25.62
1376437122688	128879	16613504	80747464	20.98
1376437123689	128879	16613504	80784456	22.96
1376437124689	128879	16613504	80843208	21.58
1376437125689	128879	16613504	80910664	22.09
1376437126690	128879	16613504	80956360	24.29
1376437127690	128879	16613504	81015112	24.08
1376437128690	128879	16613504	81039048	25.12
1376437129691	128879	16613504	81093448	22.47
1376437130691	128879	16613504	81128264	23.36
1376437131692	128879	16613504	81208776	24.95
1376437132692	128879	16613504	81252296	24.55
1376437133692	128879	16613504	81324104	24.10
1376437134693	128879	16613504	81324104	19.73
1376437135693	128879	16613504	81395912	21.56
1376437136693	128879	16613504	81461192	24.25
1376437137694	128879	16613504	81461192	20.86
1376437138694	128879	16613504	81526472	21.17
1376437139694	128879	16613504	81556936	23.33
1376437140695	128879	16613504	81626568	21.39
1376437141695	128879	16613504	81700552	24.12
1376437142695	128879	16613504	81759304	25.91
1376437143696	128879	16613504	81759304	21.21
1376437144696	128879	16613504	81857224	24.99
1376437145696	128879	16613504	81857224	20.46
1376437146701	128879	16613504	81931208	23.50
1376437147701	128879	16613504	81972552	24.04
1376437148701	128879	16613504	82005192	24.28
1376437149702	128879	16613504	82068296	21.68
1376437150702	128879	16613504	82135752	23.55
1376437151703	128879	16613504	82153160	25.48
1376437152703	128879	16613504	82209736	22.35
1376437153703	128879	16613504	82255432	22.63
1376437154704	128879	16613504	82316360	21.97
1376437155704	128879	16613504	82349000	23.59
1376437156704	128879	16613504	82446920	25.77
1376437157705	128879	16613504	82474152	22.26
1376437158705	128879	16613504	82542664	23.94
1376437159705	128879	16613504	82542664	20.60
1376437160706	128879	16613504	82623176	22.92
1376437161706	128879	16613504	82662344	23.93
1376437162709	128879	16613504	82708040	23.19
1376437163709	128879	16613504	82745032	23.19
1376437164710	128879	16613504	82810312	21.77
1376437165710	128879	16613504	82882120	23.82
1376437166713	128879	16613504	82882120	19.50
1376437167713	128879	16613504	82945224	21.37
1376437168713	128879	16613504	83017032	23.30
1376437169714	128879	16613504	83020272	19.68
1376437170714	128879	16613504	83093192	21.51
1376437171714	128879	16613504	83128008	24.01
1376437172715	128879	16613504	83171528	22.82
1376437173715	128879	16613504	83221576	21.96
1376437174715	128879	16613504	83262920	21.75
1376437175716	128879	16613504	83312968	20.92
1376437176718	128879	16613504	83395656	24.09
1376437177719	128879	16613504	83447880	24.12
1376437178719	128879	16613504	83513160	24.55
1376437179719	128879	16613504	83513160	20.10
1376437180720	128879	16613504	83561032	21.37
1376437181720	128879	16613504	83628488	21.10
1376437182720	128879	16613504	83654600	23.47
1376437183721	128879	16613504	83722056	21.18
1376437184721	128879	16613504	83774280	23.51
1376437185721	128879	16613504	83817800	23.97
1376437186722	128879	16613504	83856968	23.14
1376437187723	128879	16613504	83935304	25.13
1376437188724	128879	16613504	83991880	24.37
1376437189724	128879	16613504	84017992	25.16
1376437190725	128879	16613504	84076744	22.60
1376437191725	128879	16613504	84135496	23.90
1376437192725	128879	16613504	84200776	24.97
1376437193725	128879	16613504	84200776	21.64
1376437194726	128879	16613504	84274760	23.45
1376437195726	128879	16613504	84344392	24.20
1376437196726	128879	16613504	84348744	22.81
1376437197727	128879	16613504	84420552	21.79
1376437198727	128879	16613504	84457544	24.44
1376437199728	128879	16613504	84522824	23.15
1376437200728	128879	16613504	84577224	24.96
1376437201728	128879	16613504	84609864	25.43
1376437202729	128879	16613504	84653384	23.82
1376437203729	128879	16613504	84729544	24.78
1376437204729	128879	16613504	84801352	25.43
1376437205734	128879	16613504	84801352	20.82
1376437206735	128879	16613504	84866632	23.32
1376437207735	128879	16613504	84899272	25.09
1376437208735	128879	16613504	84955848	23.55
1376437209736	128879	16613504	84988488	24.48
1376437210736	128879	16613504	85045064	22.50
1376437211737	128879	16613504	85134280	26.27
1376437212739	128879	16613504	85148464	22.31
1376437213740	128879	16613504	85214792	23.83
1376437214740	128879	16613504	85238728	25.31
1376437215740	128879	16613504	85299656	22.36
1376437216741	128879	16613504	85341000	23.76
1376437217741	128879	16613504	85404104	22.57
1376437218741	128879	16613504	85434568	24.28
1376437219742	128879	16613504	85497672	22.17
1376437220742	128879	16613504	85547720	23.95
1376437221742	128879	16613504	85593416	24.21
1376437222743	128879	16613504	85647816	24.02
1376437223743	128879	16613504	85713096	24.67
1376437224744	128879	16613504	85753936	25.79
1376437225744	128879	16613504	85788752	25.05
1376437226744	128879	16613504	85832272	23.71
1376437227745	128879	16613504	85864912	23.61
1376437228745	128879	16613504	85921488	21.62
1376437229745	128879	16613504	86008528	25.16
1376437230746	128879	16613504	86041168	25.40
1376437231746	128879	16613504	86106448	23.80
1376437232746	128879	16613504	86141264	25.48
1376437233747	128879	16613504	86200016	24.06
1376437234747	128879	16613504	86250064	25.10
1376437235747	128879	16613504	86304464	25.15
1376437236748	128879	16613504	86343632	25.59
1376437237748	128879	16613504	86393680	24.55
1376437238749	128879	16613504	86435024	24.70
1376437239749	128879	16613504	86487248	24.02
1376437240749	128879	16613504	86546000	24.47
1376437241750	128879	16613504	86591696	25.43
1376437242750	128879	16613504	86619984	25.02
1376437243751	128879	16613504	86676560	23.09
1376437244752	128879	16613504	86739664	24.10
1376437245752	128879	16613504	86794064	25.53
1376437246756	128879	16613504	86857168	25.91
1376437247757	128879	16613504	86857168	21.21
1376437248757	128879	16613504	86935504	23.60
1376437249758	128879	16613504	86963792	25.32
1376437250758	128879	16613504	87011664	23.33
1376437251758	128879	16613504	87061712	23.43
1376437252759	128879	16613504	87122640	23.78
1376437253759	128879	16613504	87185744	25.07
1376437254759	128879	16613504	87237968	26.33
1376437255760	128879	16613504	87237968	21.76
1376437256760	128879	16613504	87327184	24.38
1376437257760	128879	16613504	87379408	25.36
1376437258761	128879	16613504	87412048	25.56
1376437259761	128879	16613504	87475152	23.93
1376437260761	128879	16613504	87494736	25.39
1376437261762	128879	16613504	87553488	22.26
1376437262762	128879	16613504	87583952	24.92
1376437263762	128879	16613504	87655760	21.55
1376437264763	128879	16613504	87718864	24.24
1376437265763	128879	16613504	87749328	25.65
1376437266763	128879	16613504	87797200	23.80
1376437267764	128879	16613504	87864656	23.88
1376437268764	128879	16613504	87940816	26.35
1376437269764	128879	16613504	87940816	21.58
1376437270765	128879	16613504	88014800	24.47
1376437271765	128879	16613504	88027856	21.43
1376437272766	128879	16613504	88088784	22.73
1376437273766	128879	16613504	88123600	24.21
1376437274767	128879	16613504	88169296	22.48
1376437275767	128879	16613504	88232400	21.84
1376437276767	128879	16613504	88269392	24.08
1376437277768	128879	16613504	88343376	25.37
1376437278771	128879	16613504	88393424	24.19
1376437279771	128879	16613504	88428240	24.41
1376437280772	128879	16613504	88493520	22.60
1376437281772	128879	16613504	88543568	24.51
1376437282772	128879	16613504	88617552	26.86
1376437283773	128879	16613504	88661072	26.59
1376437284773	128879	16613504	88695888	25.77
1376437285773	128879	16613504	88752464	23.79
1376437286774	128879	16613504	88793808	24.68
1376437287774	128879	16613504	88883024	26.75
1376437288774	128879	16613504	88935248	26.70
1376437289775	128879	16613504	88987472	26.66
1376437290775	128879	16613504	89039696	26.63
1376437291775	128879	16613504	89098448	25.80
1376437292776	128879	16613504	89098448	21.98
1376437293776	128879	16613504	89185488	25.25
1376437294777	128879	16613504	89211600	25.68
1376437295777	128879	16613504	89272528	23.02
1376437296777	128879	16613504	89353040	26.45
1376437297777	128879	16613504	89396560	27.06
1376437298778	128879	16613504	89466192	26.15
1376437299778	128879	16613504	89466192	21.41
1376437300778	128879	16613504	89542352	24.17
1376437301779	128879	16613504	89622864	27.59
1376437302779	128879	16613504	89662032	26.35
1376437303779	128879	16613504	89725136	26.32
1376437304780	128879	16613504	89792592	27.35
1376437305780	128879	16613504	89792592	22.39
1376437306781	128879	16613504	89866576	26.28
1376437307781	128879	16613504	89903568	26.28
1376437308781	128879	16613504	89949264	24.92
1376437309782	128879	16613504	90014544	24.38
1376437310782	128879	16613504	90053712	25.96
